id,name,name_en,city_id
1,浦东新区,PuDongXinQu,1
2,徐汇区,XuHuiQu,1
3,长宁区,ChangNingQu,1
4,黄浦区,HuangPuQu,1
5,静安区,JingAnQu,1
6,闵行区,MinXingQu,1
7,卢湾区,LuWanQu,1
8,杨浦区,YangPuQu,1
9,普陀区,PuTuoQu,1
10,虹口区,HongKouQu,1
11,闸北区,ZhaBeiQu,1
12,宝山区,BaoShanQu,1
13,松江区,SongJiangQu,1
14,嘉定区,JiaDingQu,1
15,金山区,JinShanQu,1
16,青浦区,QingPuQu,1
17,奉贤区,FengXianQu,1
18,崇明县,ChongMingXian,1
19,朝阳区,ChaoYangQu,2
20,海淀区,HaiDianQu,2
21,丰台区,FengTaiQu,2
22,西城区,XiChengQu,2
23,东城区,DongChengQu,2
24,昌平区,ChangPingQu,2
25,石景山区,ShiJingShanQu,2
26,通州区,TongZhouQu,2
27,大兴区,DaXingQu,2
28,顺义区,ShunYiQu,2
29,房山区,FangShanQu,2
30,密云县,MiYunXian,2
31,怀柔区,HuaiRouQu,2
32,延庆县,YanQingXian,2
33,平谷区,PingGuQu,2
34,门头沟,MenTouGou,2
35,滨海新区,BinHaiXinQu,3
36,南开区,NaKaiQu,3
37,和平区,HePingQu,3
38,红桥区,HongQiaoQu,3
39,河西区,HeXiQu,3
40,河东区,HeDongQu,3
41,河北区,HeBeiQu,3
42,北辰区,BeiChenQu,3
43,津南区,JinNaQu,3
44,东丽区,DongLiQu,3
45,蓟县,JiXian,3
46,西青区,XiQingQu,3
47,武清区,WuQingQu,3
48,静海县,JingHaiXian,3
49,宝坻区,BaoChiQu,3
50,宁河县,NingHeXian,3
51,渝中区,YuZhongQu,4
52,江北区,JiangBeiQu,4
53,沙坪坝区,ShaPingBaQu,4
54,渝北区,YuBeiQu,4
55,涪陵区,Fulingqu,4
56,大渡口区,DaDuKouQu,4
57,九龙城区,JiuLongChengQu,4
58,南岸区,NaAnQu,4
59,北碚区,BeiBeiQu,4
60,巴南区,BaNaQu,4
61,万州区,WanZhouQu,4
62,合川区,HeChuanQu,4
63,永川区,YongChuanQu,4
64,长寿区,ChangShouQu,4
65,黔江区,QianJiangQu,4
66,江津区,JiangJinQu,4
67,綦江区,QiJiangQu,4
68,彭水苗族土家族自治县,PengShuiMiaoZuTuJiaZuZiZhiXian,4
69,南川区,NaChuanQu,4
70,忠县,ZhongXian,4
71,开县,KaiXian,4
72,秀山土家族苗族自治县,XiuShanTuJiaZuMiaoZuZiZhiXian,4
73,璧山区,BiShanQu,4
74,潼南区,TongNaQu,4
75,酉阳土家族苗族自治县,YouYangTuJiaZuMiaoZuZiZhiXian,4
76,铜梁区,TongLiangQu,4
77,石柱土家族自治县,ShiZhuTuJiaZuZiZhiXian,4
78,大足区,DaZuQu,4
79,云阳县,YunYangXian,4
80,奉节县,FengJieXian,4
81,巫山县,WuShanXian,4
82,巫溪县,WuXiXian,4
83,梁平县,LiangPingXian,4
84,城口县,ChengKouXian,4
85,武隆县,WuLongXian,4
86,垫江县,DianJiangXian,4
87,荣昌区,RongChangQu,4
88,丰都县,FengDuXian,4
89,越秀区,YueXiuQu,5
90,天河区,TianHeQu,5
91,番禺区,FanYuQu,5
92,海珠区,HaiZhuQu,5
93,白云区,BaiYunQu,5
94,荔湾区,LiWanQu,5
95,黄浦区,HuangPuQu,5
96,增城市,ZengChengShi,5
97,花都区,HuaDuQu,5
98,从化市,CongHuaShi,5
99,南沙区,NaShaQu,5
100,福田区,FuTianQu,6
101,罗湖区,LuoHuQu,6
102,南山区,NaShanQu,6
103,宝安区,BaoAnQu,6
104,龙岗区,LongGangQu,6
105,龙华新区,LongHuaXinQu,6
106,盐田区,YanTianQu,6
107,南澳大鹏新区,NaAoDaPengXinQu,6
108,深汕特别合作区,Shengshantebiehezuoqu,6
109,光明新区,GuangMingXinQu,6
110,坪山新区,PingShanXinQu,6
111,南城区,NaChengQu,7
112,东城区,DongChengQu,7
113,莞城区,GuanChengQu,7
114,万江区,WanJiangQu,7
115,厚街镇,HouJieZhen,7
116,虎门镇,HuMenZhen,7
117,长安镇,ChangAnZhen,7
118,常平镇,ChangPingZhen,7
119,石龙镇,ShiLongZhen,7
120,樟木头镇,ZhangMuTouZhen,7
121,大朗镇,DaLangZhen,7
122,塘厦镇,TangXiaZhen,7
123,大岭山镇,DaLingShanZhen,7
124,清溪镇,QingXiZhen,7
125,石碣镇,ShiJieZhen,7
126,桥头镇,QiaoTouZhen,7
127,寮步镇,LiaoBuZhen,7
128,黄江镇,HuangJiangZhen,7
129,东坑镇,DongKengZhen,7
130,中堂镇,ZhongTangZhen,7
131,松山湖,SongShanHu,7
132,谢岗镇,XieGangZhen,7
133,洪梅镇,HongMeiZhen,7
134,道滘镇,DaoJiaoZhen,7
135,望牛墩镇,WangNiuDunZhen,7
136,凤岗镇,FengGangZhen,7
137,石排镇,ShiPaiZhen,7
138,横沥镇,HengLiZhen,7
139,企石镇,QiShiZhen,7
140,沙田镇,ShaTianZhen,7
141,麻涌镇,MaYongZhen,7
142,高埗镇,GaoBuZhen,7
143,茶山镇,ChaShanZhen,7
144,香洲区,XiangZhouQu,8
145,斗门区,DouMenQu,8
146,金湾区,JinWanQu,8
147,珠海高新技术产业开发区,Zhuhaigaoxinjishuchanyekaifaqu,8
148,珠海保税区,Zhuhaibaoshuiqu,8
149,珠海高栏港经济区,Zhuhaigaolanjingjiqu,8
150,珠海万山海洋开发实验区,Zhuhaiwanshanhaiyangkaifashiyanqu,8
151,横琴新区,HengQinXinQu,8
152,禅城区,ChanChengQu,9
153,南海区,NaHaiQu,9
154,顺德区,ShunDeQu,9
155,高明区,GaoMingQu,9
156,三水区,SanShuiQu,9
157,金平区,JinPingQu,10
158,龙湖区,LongHuQu,10
159,澄海区,ChengHaiQu,10
160,濠江区,HaoJiangQu,10
161,潮阳区,ChaoYangQu,10
162,潮南区,ChaoNaQu,10
163,南澳县,NaAoXian,10
164,惠城区,HuiChengQu,11
165,惠东县,HuiDongXian,11
166,惠阳区,Huiyangqu,11
167,博罗县,BoLuoXian,11
168,龙门县,LongMenXian,11
169,榕城区,RongChengQu,12
170,揭东区,JieDongQu,12
171,揭西县,JieXiXian,12
172,惠来县,HuiLaiXian,12
173,普宁市,PuNingShi,12
174,源城区,YuanChengQu,13
175,东源县,DongYuanXian,13
176,紫金县,ZiJinXian,13
177,龙川县,LongChuanXian,13
178,和平县,HePingXian,13
179,连平县,LianPingXian,13
180,江城区,JiangChengQu,14
181,阳东区,YangDongQu,14
182,阳春市,YangChunShi,14
183,阳西县,YangXiXian,14
184,海陵区,HaiLingQu,14
185,高新区,GaoXinQu,14
186,茂南区,MaoNaQu,15
187,电白区,DianBaiQu,15
188,高州市,GaoZhouShi,15
189,化州市,HuaZhouShi,15
190,信宜市,XinYiShi,15
191,赤坎区,ChiKanQu,16
192,霞山区,XiaShanQu,16
193,坡头区,PoTouQu,16
194,麻章区,MaZhangQu,16
195,廉江市,LianJiangShi,16
196,雷州市,LeiZhouShi,16
197,吴川市,WuChuanShi,16
198,遂溪县,SuiXiXian,16
199,徐闻县,XuWenXian,16
200,梅江区,MeiJiangQu,17
201,梅县区,MeiXianQu,17
202,兴宁市,XingNingShi,17
203,平远县,PingYuanXian,17
204,蕉岭县,QiaoLingXian,17
205,大埔县,DaPuXian,17
206,丰顺县,FengShunXian,17
207,五华县,WuHuaXian,17
208,肇庆市,ZhaoQingShi,18
209,端州区,DuanZhouQu,18
210,鼎湖区,DingHuQu,18
211,广宁县,GuangNingXian,18
212,怀集县,HuaiJiXian,18
213,封开县,FengKaiXian,18
214,德庆县,DeQingXian,18
215,高要区,GaoYaoQu,18
216,四会市,SiHuiShi,18
217,浈江区,ZhenJiangQu,19
218,武江区,WuJiangQu,19
219,曲江区,QuJiangQu,19
220,乐昌市,LeChangShi,19
221,南雄市,NaXiongShi,19
222,仁化县,RenHuaXian,19
223,新丰县,XinFengXian,19
224,翁源县,WengYuanXian,19
225,始兴县,ShiXingXian,19
226,乳源瑶族自治县,RuYuanYaoZuZiZhiXian,19
227,潮州市,ChaoZhouShi,20
228,湘桥区,XiangQiaoQu,20
229,潮安区,ChaoAnQu,20
230,饶平县,RaoPingXian,20
231,石岐街道,ShiQiJieDao,21
232,东区街道,DongQuJieDao,21
233,西区街道,XiQuJieDao,21
234,南区街道,NaQuJieDao,21
235,五桂山街道,WuGuiShanJieDao,21
236,中山港街道,ZhongShanGangJieDao,21
237,黄圃镇,HuangPuZhen,21
238,南头镇,NaTouZhen,21
239,东凤镇,DongFengZhen,21
240,阜沙镇,FuShaZhen,21
241,小榄镇,XiaoLanZhen,21
242,东升镇,DongShengZhen,21
243,古镇镇,GuZhenZhen,21
244,横栏镇,HengLanZhen,21
245,三角镇,SanJiaoZhen,21
246,民众镇,MinZhongZhen,21
247,南朗镇,NaLangZhen,21
248,港口镇,GangKouZhen,21
249,大涌镇,DaYongZhen,21
250,沙溪镇,ShaXiZhen,21
251,三乡镇,SanXiangZhen,21
252,板芙镇,BanFuZhen,21
253,神湾镇,ShenWanZhen,21
254,坦洲镇,TanZhouZhen,21
255,清城区,QingChengQu,22
256,清新区,QingXinQu,22
257,英德市,YingDeShi,22
258,连州市,LianZhouShi,22
259,佛冈县,FuGangXian,22
260,阳山县,YangShanXian,22
261,连南瑶族自治县,LianNaYaoZuZiZhiXian,22
262,连山壮族瑶族自治县,LianShanZhuangZuYaoZuZiZhiXian,22
263,蓬江区,PengJiangQu,23
264,江海区,JiangHaiQu,23
265,新会区,XinHuiQu,23
266,台山市,TaiShanShi,23
267,开平市,KaiPingShi,23
268,鹤山市,HeShanShi,23
269,恩平市,EnPingShi,23
270,城区,ChengQu,24
271,陆丰市,LuFengShi,24
272,海丰县,HaiFengXian,24
273,陆河县,LuHeXian,24
274,云城区,YunChengQu,25
275,云安区,YunAnQu,25
276,罗定市,LuoDingShi,25
277,新兴县,XinXingXian,25
278,郁南县,YuNaXian,25
279,西湖区,XiHuQu,26
280,拱墅区,GongShuQu,26
281,萧山区,XiaoShanQu,26
282,江干区,JiangGanQu,26
283,滨江区,BinJiangQu,26
284,余杭区,YuHangQu,26
285,上城区,ShangChengQu,26
286,临安市,LinAnShi,26
287,富阳区,FuYangQu,26
288,下城区,XiaChengQu,26
289,桐庐县,TongLuXian,26
290,建德市,JianDeShi,26
291,淳安县,ChunAnXian,26
292,海曙区,HaiShuQu,27
293,鄞州区,YinZhouQu,27
294,北仑区,BeiLunQu,27
295,江北区,JiangBeiQu,27
296,镇海区,ZhenHaiQu,27
297,余姚市,YuYaoShi,27
298,慈溪市,CiXiShi,27
299,宁海县,NingHaiXian,27
300,奉化市,FengHuaShi,27
301,象山县,XiangShanXian,27
302,鹿城区,LuChengQu,28
303,乐清市,LeQingShi,28
304,龙湾区,LongWanQu,28
305,瓯海区,OuHaiQu,28
306,永嘉县,YongJiaXian,28
307,文成县,WenChengXian,28
308,瑞安市,RuiAnShi,28
309,平阳县,PingYangXian,28
310,洞头县,DongTouXian,28
311,泰顺县,TaiShunXian,28
312,苍南县,CangNaXian,28
313,越城区,YueChengQu,29
314,柯桥区,KeQiaoQu,29
315,上虞区,ShangYuQu,29
316,诸暨市,ZhuJiShi,29
317,嵊州市,ShengZhouShi,29
318,新昌县,XinChangXian,29
319,南湖区,NaHuQu,30
320,秀洲区,XiuZhouQu,30
321,嘉善县,JiaShanXian,30
322,桐乡市,TongXiangShi,30
323,海宁市,HaiNingShi,30
324,平湖市,PingHuShi,30
325,海盐县,HaiYanXian,30
326,吴兴区,WuXingQu,31
327,南浔区,NaXunQu,31
328,德清县,DeQingXian,31
329,长兴县,ChangXingXian,31
330,安吉县,AnJiXian,31
331,婺城区,WuChengQu,32
332,金东区,JinDongQu,32
333,兰溪市,LanXiShi,32
334,东阳市,DongYangShi,32
335,永康市,YongKangShi,32
336,义乌市,YiWuShi,32
337,武义县,WuYiXian,32
338,浦江县,PuJiangXian,32
339,磐安县,PanAnXian,32
340,柯城区,KeChengQu,33
341,衢江区,QuJiangQu,33
342,江山市,JiangShanShi,33
343,常山县,ChangShanXian,33
344,开化县,KaiHuaXian,33
345,龙游县,LongYouXian,33
346,椒江区,JiaoJiangQu,34
347,黄岩区,HuangYanQu,34
348,路桥区,LuQiaoQu,34
349,临海市,LinHaiShi,34
350,温岭市,WenLingShi,34
351,玉环市,YuHuanShi,34
352,三门县,SanMenXian,34
353,天台县,TianTaiXian,34
354,仙居县,XianJuXian,34
355,莲都区,LianDuQu,35
356,龙泉市,LongQuanShi,35
357,青田县,QingTianXian,35
358,缙云县,JinYunXian,35
359,遂昌县,SuiChangXian,35
360,松阳县,SongYangXian,35
361,云和县,YunHeXian,35
362,庆元县,QingYuanXian,35
363,景宁畲族自治县,JingNingSheZuZiZhiXian,35
364,定海区,DingHaiQu,36
365,普陀区,PuTuoQu,36
366,岱山县,DaiShanXian,36
367,嵊泗县,ShengSiXian,36
368,江宁区,JiangNingQu,37
369,鼓楼区,GuLouQu,37
370,玄武区,XuanWuQu,37
371,建邺区,JianYeQu,37
372,秦淮区,QinHuaiQu,37
373,栖霞区,QiXiaQu,37
374,六合区,LiuHeQu,37
375,雨花台区,YuHuaTaiQu,37
376,浦口区,PuKouQu,37
377,高淳区,GaoChunQu,37
378,溧水区,LiShuiQu,37
379,梁溪区,Liangxiqu,38
380,滨湖区,BinHuQu,38
381,新吴区,Xinwuqu,38
382,锡山区,XiShanQu,38
383,惠山区,HuiShanQu,38
384,江阴市,JiangYinShi,38
385,宜兴市,YiXingShi,38
386,鼓楼区,GuLouQu,39
387,泉山区,QuanShanQu,39
388,云龙区,YunLongQu,39
389,贾汪区,JiaWangQu,39
390,丰县,FengXian,39
391,沛县,PeiXian,39
392,睢宁县,SuiNingXian,39
393,新沂市,XinYiShi,39
394,邳州市,PiZhouShi,39
395,铜山新区,TongShanXinQu,39
396,钟楼区,ZhongLouQu,40
397,天宁区,TianNingQu,40
398,武进区,WuJinQu,40
399,新北区,XinBeiQu,40
400,溧阳市,LiYangShi,40
401,金坛区,JinTanQu,40
402,江苏常州紧急开发区,Jiangsuchangzhoujinjikaifaqu,40
403,工业园区,GongYeYuanQu,41
404,姑苏区,Gusuqu,41
405,吴中区,WuZhongQu,41
406,高新区,GaoXinQu,41
407,相城区,XiangChengQu,41
408,昆山市,KunShanShi,41
409,吴江区,WuJiangQu,41
410,常熟市,ChangShuShi,41
411,张家港市,ZhangJiaGangShi,41
412,太仓市,TaiCangShi,41
413,崇川区,ChongChuanQu,42
414,海门市,HaiMenShi,42
415,港闸区,GangZhaQu,42
416,通州区,TongZhouQu,42
417,如皋市,RuGaoShi,42
418,启东市,QiDongShi,42
419,如东县,RuDongXian,42
420,海安县,HaiAnXian,42
421,广陵区,GuangLingQu,43
422,邗江区,HanJiangQu,43
423,江都区,JiangDuQu,43
424,仪征市,YiZhengShi,43
425,高邮市,GaoYouShi,43
426,宝应县,BaoYingXian,43
427,连云区,LianYunQu,44
428,海州区,HaiZhouQu,44
429,赣榆区,GanYuQu,44
430,东海县,DongHaiXian,44
431,灌云县,GuanYunXian,44
432,灌南县,GuanNaXian,44
433,清江浦区,QingJiangPuQu,45
434,淮安区,HuaiAnQu,45
435,淮阴区,HuaiYinQu,45
436,洪泽区,HongZeQu,45
437,涟水县,LianShuiXian,45
438,盱眙县,XuYiXian,45
439,金湖县,JinHuXian,45
440,亭湖区,TingHuQu,46
441,盐都区,YanDuQu,46
442,大丰区,DaFengQu,46
443,响水县,XiangShuiXian,46
444,滨海县,BinHaiXian,46
445,阜宁县,FuNingXian,46
446,射阳县,SheYangXian,46
447,建湖县,JianHuXian,46
448,东台市,DongTaiShi,46
449,京口区,JingKouQu,47
450,润州区,RunZhouQu,47
451,丹徒区,DanTuQu,47
452,丹阳市,DanYangShi,47
453,扬中市,YangZhongShi,47
454,句容市,JuRongShi,47
455,海陵区,HaiLingQu,48
456,高港区,GaoGangQu,48
457,姜堰区,JiangYanQu,48
458,兴化市,XingHuaShi,48
459,靖江市,JingJiangShi,48
460,泰兴市,TaiXingShi,48
461,宿城区,SuChengQu,49
462,宿豫区,SuYuQu,49
463,沭阳县,ShuYangXian,49
464,泗阳县,SiYangXian,49
465,泗洪县,SiHongXian,49
466,鼓楼区,GuLouQu,50
467,台江区,TaiJiangQu,50
468,晋安区,JinAnQu,50
469,仓山区,CangShanQu,50
470,闽侯县,MinHouXian,50
471,马尾区,MaWeiQu,50
472,福清市,FuQingShi,50
473,平潭县,PingTanXian,50
474,罗源县,LuoYuanXian,50
475,闽清县,MinQingXian,50
476,连江县,LianJiangXian,50
477,长乐区,ChangLeQu,50
478,永泰县,YongTaiXian,50
479,思明区,SiMingQu,51
480,湖里区,HuLiQu,51
481,集美区,JiMeiQu,51
482,同安区,TongAnQu,51
483,翔安区,XiangAnQu,51
484,海沧区,HaiCangQu,51
485,城厢区,ChengXiangQu,52
486,涵江区,HanJiangQu,52
487,荔城区,LiChengQu,52
488,秀屿区,XiuYuQu,52
489,仙游县,XianYouXian,52
490,梅列区,MeiLieQu,53
491,三元区,SanYuanQu,53
492,永安市,YongAnShi,53
493,大田县,DaTianXian,53
494,尤溪县,YouXiXian,53
495,清流县,QingLiuXian,53
496,宁化县,NingHuaXian,53
497,明溪县,MingXiXian,53
498,沙县,ShaXian,53
499,将乐县,JiangLeXian,53
500,泰宁县,TaiNingXian,53
501,建宁县,JianNingXian,53
502,芗城区,XiangChengQu,54
503,龙文区,LongWenQu,54
504,漳州招商局经济技术开发区,ZhangZhouZhaoShangJuJingJiJiShuKaiFaQu,54
505,漳州台商投资区,ZhangZhouTaiShangTouZiQu,54
506,漳州高新技术产业开发区,ZhangZhouGaoXinJiShuChanYeKaiFaQu,54
507,常山华侨经济开发区,ChangShanHuaQiaoJingJiKaiFaQu,54
508,古雷港经济开发区,GuLeiGangJingJiKaiFaQu,54
509,龙海市,LongHaiShi,54
510,漳浦县,ZhangPuXian,54
511,南靖县,NaJingXian,54
512,云霄县,YunXiaoXian,54
513,平和县,PingHeXian,54
514,华安县,HuaAnXian,54
515,长泰县,ChangTaiXian,54
516,诏安县,ZhaoAnXian,54
517,东山县,DongShanXian,54
518,丰泽区,FengZeQu,55
519,鲤城区,LiChengQu,55
520,洛江区,LuoJiangQu,55
521,泉港区,QuanGangQu,55
522,泉州经济技术开发区,QuanZhouJingJiJiShuKaiFaQu,55
523,泉州台商投资区,QuanZhouTaiShangTouZiQu,55
524,泉州高新技术产业开发区,QuanZhouGaoXinJiShuChanYeKaiFaQu,55
525,石狮市,ShiShiShi,55
526,晋江市,JinJiangShi,55
527,南安市,NaAnShi,55
528,惠安县,HuiAnXian,55
529,安溪县,AnXiXian,55
530,永春县,YongChunXian,55
531,德化县,DeHuaXian,55
532,金门县,JinMenXian,55
533,延平区,YanPingQu,56
534,建阳区,JianYangQu,56
535,邵武市,ShaoWuShi,56
536,武夷山市,WuYiShanShi,56
537,建瓯市,JianOuShi,56
538,顺昌县,ShunChangXian,56
539,浦城县,PuChengXian,56
540,光泽县,GuangZeXian,56
541,松溪县,SongXiXian,56
542,政和县,ZhengHeXian,56
543,新罗区,XinLuoQu,57
544,永定区,YongDingQu,57
545,漳平市,ZhangPingShi,57
546,长汀县,ChangTingXian,57
547,上杭县,ShangHangXian,57
548,武平县,WuPingXian,57
549,连城县,LianChengXian,57
550,蕉城区,QiaoChengQu,58
551,东侨经济技术开发区,DongQiaoJingJiJiShuKaiFaQu,58
552,福安市,FuAnShi,58
553,福鼎市,FuDingShi,58
554,霞浦县,XiaPuXian,58
555,古田县,GuTianXian,58
556,屏南县,PingNaXian,58
557,寿宁县,ShouNingXian,58
558,周宁县,ZhouNingXian,58
559,柘荣县,ZheRongXian,58
560,平潭县,PingTanXian,59
561,历下区,LiXiaQu,60
562,市中区,ShiZhongQu,60
563,历城区,LiChengQu,60
564,槐荫区,HuaiYinQu,60
565,天桥区,TianQiaoQu,60
566,长清区,ChangQingQu,60
567,章丘市,ZhangQiuShi,60
568,济阳县,JiYangXian,60
569,平阴县,PingYinXian,60
570,高新区,GaoXinQu,60
571,商河县,ShangHeXian,60
572,莱芜区,Laiwuqu,60
573,市北区,ShiBeiQu,61
574,市南区,ShiNaQu,61
575,李沧区,LiCangQu,61
576,崂山区,LaoShanQu,61
577,黄岛区,HuangDaoQu,61
578,城阳区,ChengYangQu,61
579,即墨市,JiMoShi,61
580,胶州市,JiaoZhouShi,61
581,平度市,PingDuShi,61
582,莱西市,LaiXiShi,61
583,张店区,ZhangDianQu,62
584,淄川区,ZiChuanQu,62
585,周村区,ZhouCunQu,62
586,博山区,BoShanQu,62
587,临淄区,LinZiQu,62
588,桓台县,HuanTaiXian,62
589,高青县,GaoQingXian,62
590,沂源县,YiYuanXian,62
591,薛城区,XueChengQu,63
592,市中区,ShiZhongQu,63
593,峄城区,YiChengQu,63
594,山亭区,ShanTingQu,63
595,台儿庄区,TaiErZhuangQu,63
596,滕州市,TengZhouShi,63
597,东营区,DongYingQu,64
598,河口区,HeKouQu,64
599,垦利区,KenLiQu,64
600,广饶县,GuangRaoXian,64
601,利津县,LiJinXian,64
602,莱山区,LaiShanQu,65
603,芝罘区,ZhiFuQu,65
604,福山区,FuShanQu,65
605,牟平区,MouPingQu,65
606,龙口市,LongKouShi,65
607,莱阳市,LaiYangShi,65
608,莱州市,LaiZhouShi,65
609,蓬莱市,PengLaiShi,65
610,招远市,ZhaoYuanShi,65
611,栖霞市,QiXiaShi,65
612,海阳市,HaiYangShi,65
613,长岛县,ChangDaoXian,65
614,奎文区,KuiWenQu,66
615,潍城区,WeiChengQu,66
616,寒亭区,HanTingQu,66
617,坊子区,FangZiQu,66
618,诸城市,ZhuChengShi,66
619,青州市,QingZhouShi,66
620,寿光市,ShouGuangShi,66
621,安丘市,AnQiuShi,66
622,昌邑市,ChangYiShi,66
623,高密市,GaoMiShi,66
624,临朐县,LinQuXian,66
625,昌乐县,ChangLeXian,66
626,任城区,RenChengQu,67
627,市中区,Shizhongqu,67
628,兖州区,YanZhouQu,67
629,邹城市,ZouChengShi,67
630,曲阜市,QuFuShi,67
631,嘉祥县,JiaXiangXian,67
632,汶上县,WenShangXian,67
633,梁山县,LiangShanXian,67
634,微山县,WeiShanXian,67
635,鱼台县,YuTaiXian,67
636,金乡县,JinXiangXian,67
637,泗水县,SiShuiXian,67
638,泰山区,TaiShanQu,68
639,岱岳区,DaiYueQu,68
640,新泰市,XinTaiShi,68
641,肥城市,FeiChengShi,68
642,宁阳县,NingYangXian,68
643,东平县,DongPingXian,68
644,环翠区,HuanCuiQu,69
645,文登区,WenDengQu,69
646,荣成市,RongChengShi,69
647,乳山市,RuShanShi,69
648,东港区,DongGangQu,70
649,岚山区,LanShanQu,70
650,五莲县,WuLianXian,70
651,莒县,JuXian,70
652,滨城区,BinChengQu,71
653,沾化区,ZhanHuaQu,71
654,邹平市,ZouPingShi,71
655,惠民县,HuiMinXian,71
656,博兴县,BoXingXian,71
657,阳信县,YangXinXian,71
658,无棣县,WuDiXian,71
659,德城区,DeChengQu,72
660,陵城区,LingChengQu,72
661,乐陵市,LeLingShi,72
662,禹城市,YuChengShi,72
663,临邑县,LinYiXian,72
664,平原县,PingYuanXian,72
665,夏津县,XiaJinXian,72
666,武城县,WuChengXian,72
667,庆云县,QingYunXian,72
668,宁津县,NingJinXian,72
669,齐河县,QiHeXian,72
670,东昌府区,DongChangFuQu,73
671,临清市,LinQingShi,73
672,茌平县,ChiPingXian,73
673,东阿县,DongAXian,73
674,高唐县,GaoTangXian,73
675,阳谷县,YangGuXian,73
676,冠县,GuanXian,73
677,莘县,ShenXian,73
678,兰山区,LanShanQu,74
679,河东区,HeDongQu,74
680,经开区,Jingkaiqu,74
681,临港区,Lingangqu,74
682,高新区,Gaoxinqu,74
683,罗庄区,LuoZhuangQu,74
684,兰陵县,LanLingXian,74
685,郯城县,TanChengXian,74
686,莒南县,JuNaXian,74
687,沂水县,YiShuiXian,74
688,蒙阴县,MengYinXian,74
689,平邑县,PingYiXian,74
690,沂南县,YiNaXian,74
691,临沭县,LinShuXian,74
692,费县,FeiXian,74
693,牡丹区,MuDanQu,75
694,定陶区,DingTaoQu,75
695,曹县,CaoXian,75
696,单县,DanXian,75
697,巨野县,JuYeXian,75
698,成武县,ChengWuXian,75
699,郓城县,YunChengXian,75
700,鄄城县,JuanChengXian,75
701,东明县,DongMingXian,75
702,和平区,HePingQu,76
703,沈河区,ShenHeQu,76
704,铁西区,TieXiQu,76
705,大东区,DaDongQu,76
706,皇姑区,HuangGuQu,76
707,浑南区,HunNaQu,76
708,苏家屯区,SuJiaTunQu,76
709,于洪区,YuHongQu,76
710,沈北新区,ShenBeiXinQu,76
711,新民市,XinMinShi,76
712,康平县,KangPingXian,76
713,法库县,FaKuXian,76
714,辽中县,LiaoZhongXian,76
715,中山区,ZhongShanQu,77
716,沙河口区,ShaHeKouQu,77
717,西岗区,XiGangQu,77
718,甘井子区,GanJingZiQu,77
719,金州区,JinZhouQu,77
720,开发区,KaiFaQu,77
721,旅顺口区,LuShunKouQu,77
722,瓦房店市,WaFangDianShi,77
723,普兰店市,PuLanDianShi,77
724,庄河市,ZhuangHeShi,77
725,长海县,ChangHaiXian,77
726,铁东区,TieDongQu,78
727,铁西区,TieXiQu,78
728,立山区,LiShanQu,78
729,千山区,QianShanQu,78
730,海城市,HaiChengShi,78
731,台安县,TaiAnXian,78
732,岫岩满族自治县,XiuYanManZuZiZhiXian,78
733,新抚区,XinFuQu,79
734,顺城区,ShunChengQu,79
735,望花区,WangHuaQu,79
736,东洲区,DongZhouQu,79
737,抚顺县,FuShunXian,79
738,新宾满族自治县,XinBinManZuZiZhiXian,79
739,清原满族自治县,QingYuanManZuZiZhiXian,79
740,平山区,PingShanQu,80
741,溪湖区,XiHuQu,80
742,明山区,MingShanQu,80
743,南芬区,NaFenQu,80
744,本溪满族自治县,BenXiManZuZiZhiXian,80
745,桓仁满族自治县,HuanRenManZuZiZhiXian,80
746,元宝区,YuanBaoQu,81
747,新城区,Xinchengqu,81
748,振兴区,ZhenXingQu,81
749,振安区,ZhenAnQu,81
750,东港市,DongGangShi,81
751,凤城市,FengChengShi,81
752,宽甸满族自治县,KuanDianManZuZiZhiXian,81
753,古塔区,GuTaQu,82
754,凌河区,LingHeQu,82
755,太和区,TaiHeQu,82
756,凌海市,LingHaiShi,82
757,北镇市,BeiZhenShi,82
758,黑山县,HeiShanXian,82
759,义县,YiXian,82
760,站前区,ZhanQianQu,83
761,西市区,XiShiQu,83
762,鲅鱼圈区,BaYuQuanQu,83
763,老边区,LaoBianQu,83
764,盖州市,GaiZhouShi,83
765,大石桥市,DaShiQiaoShi,83
766,海州区,HaiZhouQu,84
767,新邱区,XinQiuQu,84
768,太平区,TaiPingQu,84
769,清河门区,QingHeMenQu,84
770,细河区,XiHeQu,84
771,阜新蒙古族自治县,FuXinMengGuZuZiZhiXian,84
772,彰武县,ZhangWuXian,84
773,白塔区,BaiTaQu,85
774,文圣区,WenShengQu,85
775,宏伟区,HongWeiQu,85
776,弓长岭区,GongChangLingQu,85
777,太子河区,TaiZiHeQu,85
778,灯塔市,DengTaShi,85
779,辽阳县,LiaoYangXian,85
780,双台子区,ShuangTaiZiQu,86
781,兴隆台区,XingLongTaiQu,86
782,大洼区,DaWaQu,86
783,盘山县,PanShanXian,86
784,银州区,YinZhouQu,87
785,清河区,QingHeQu,87
786,调兵山市,DiaoBingShanShi,87
787,开原市,KaiYuanShi,87
788,铁岭县,TieLingXian,87
789,昌图县,ChangTuXian,87
790,西丰县,XiFengXian,87
791,双塔区,ShuangTaQu,88
792,龙城区,LongChengQu,88
793,北票市,BeiPiaoShi,88
794,凌源市,LingYuanShi,88
795,朝阳县,ChaoYangXian,88
796,建平县,JianPingXian,88
797,喀喇沁左翼蒙古族自治县,KaLaQinZuoYiMengGuZuZiZhiXian,88
798,连山区,LianShanQu,89
799,龙港区,LongGangQu,89
800,南票区,NaPiaoQu,89
801,兴城市,XingChengShi,89
802,绥中县,SuiZhongXian,89
803,建昌县,JianChangXian,89
804,南关区,NaGuanQu,90
805,朝阳区,ChaoYangQu,90
806,绿园区,LuYuanQu,90
807,宽城区,KuanChengQu,90
808,二道区,ErDaoQu,90
809,经济开发区,JingJiKaiFaQu,90
810,汽车开发区,QiCheKaiFaQu,90
811,净月开发区,JingYueKaiFaQu,90
812,榆树市,YuShuShi,90
813,九台区,JiuTaiQu,90
814,德惠市,DeHuiShi,90
815,汽车产业开发区,QiCheChanYeKaiFaQu,90
816,高新开发区,GaoXinKaiFaQu,90
817,双阳区,ShuangYangQu,90
818,农安县,NongAnXian,90
819,昌邑区,ChangYiQu,91
820,船营区,ChuanYingQu,91
821,丰满区,FengManQu,91
822,龙潭区,LongTanQu,91
823,蛟河市,JiaoHeShi,91
824,磐石市,PanShiShi,91
825,桦甸市,HuaDianShi,91
826,舒兰市,ShuLanShi,91
827,永吉县,YongJiXian,91
828,延吉市,YanJiShi,92
829,图们市,TuMenShi,92
830,敦化市,DunHuaShi,92
831,和龙市,HeLongShi,92
832,珲春市,HuiChunShi,92
833,龙井市,LongJingShi,92
834,汪清县,WangQingXian,92
835,安图县,AnTuXian,92
836,铁西区,TieXiQu,93
837,铁东区,TieDongQu,93
838,公主岭市,GongZhuLingShi,93
839,双辽市,ShuangLiaoShi,93
840,梨树县,LiShuXian,93
841,伊通满族自治县,YiTongManZuZiZhiXian,93
842,东昌区,DongChangQu,94
843,二道江区,ErDaoJiangQu,94
844,集安市,JiAnShi,94
845,通化县,TongHuaXian,94
846,辉南县,HuiNaXian,94
847,柳河县,LiuHeXian,94
848,梅河口市,MeiHeKouShi,94
849,洮北区,TaoBeiQu,95
850,洮南市,TaoNaShi,95
851,大安市,DaAnShi,95
852,镇赉县,ZhenLaiXian,95
853,通榆县,TongYuXian,95
854,龙山区,LongShanQu,96
855,西安区,XiAnQu,96
856,东丰县,DongFengXian,96
857,东辽县,DongLiaoXian,96
858,宁江区,NingJiangQu,97
859,扶余市,FuYuShi,97
860,乾安县,QianAnXian,97
861,长岭县,ChangLingXian,97
862,前郭尔罗斯蒙古族自治县,QianGuoErLuoSiMengGuZuZiZhiXian,97
863,浑江区,HunJiangQu,98
864,江源区,JiangYuanQu,98
865,临江市,LinJiangShi,98
866,抚松县,FuSongXian,98
867,靖宇县,JingYuXian,98
868,长白朝鲜族自治县,ChangBaiChaoXianZuZiZhiXian,98
869,南岗区,NaGangQu,99
870,道里区,DaoLiQu,99
871,道外区,DaoWaiQu,99
872,香坊区,XiangFangQu,99
873,平房区,PingFangQu,99
874,阿城市,AChengShi,99
875,呼兰区,HuLanQu,99
876,双城区,ShuangChengQu,99
877,松北区,SongBeiQu,99
878,尚志市,ShangZhiShi,99
879,通河县,TongHeXian,99
880,木兰县,MuLanXian,99
881,巴彦县,BaYanXian,99
882,宾县,BinXian,99
883,方正县,FangZhengXian,99
884,依兰县,YiLanXian,99
885,五常市,WuChangShi,99
886,延寿县,YanShouXian,99
887,龙沙区,LongShaQu,100
888,建华区,JianHuaQu,100
889,铁锋区,TieFengQu,100
890,富拉尔基区,FuLaErJiQu,100
891,克东县,KeDongXian,100
892,克山县,KeShanXian,100
893,富裕县,FuYuXian,100
894,甘南县,GanNaXian,100
895,泰来县,TaiLaiXian,100
896,依安县,YiAnXian,100
897,龙江县,LongJiangXian,100
898,讷河市,NeHeShi,100
899,梅里斯区,MeiLiSiQu,100
900,碾子山区,NianZiShanQu,100
901,昂昂溪区,AngAngXiQu,100
902,拜泉县,BaiQuanXian,100
903,东安区,DongAnQu,101
904,西安区,XiAnQu,101
905,爱民区,AiMinQu,101
906,阳明区,YangMingQu,101
907,绥芬河市,SuiFenHeShi,101
908,海林市,HaiLinShi,101
909,宁安市,NingAnShi,101
910,穆棱市,MuLengShi,101
911,东宁市,DongNingShi,101
912,林口县,LinKouXian,101
913,富锦市,FuJinShi,102
914,同江市,TongJiangShi,102
915,桦南县,HuaNaXian,102
916,桦川县,HuaChuanXian,102
917,汤原县,TangYuanXian,102
918,抚远市,FuYuanShi,102
919,前进区,QianJinQu,102
920,向阳区,XiangYangQu,102
921,东风区,DongFengQu,102
922,郊区,JiaoQu,102
923,萨尔图区,SaErTuQu,103
924,龙凤区,LongFengQu,103
925,让胡路区,RangHuLuQu,103
926,红岗区,HongGangQu,103
927,大同区,DaTongQu,103
928,肇州县,ZhaoZhouXian,103
929,肇源县,ZhaoYuanXian,103
930,林甸县,LinDianXian,103
931,杜尔伯特蒙古族自治县,DuErBoTeMengGuZuZiZhiXian,103
932,虎林市,HuLinShi,104
933,鸡东县,JiDongXian,104
934,鸡冠区,JiGuanQu,104
935,恒山区,HengShanQu,104
936,滴道区,DiDaoQu,104
937,城子河区,ChengZiHeQu,104
938,密山市,Mishanshi,104
939,梨树区,LiShuQu,104
940,麻山区,MaShanQu,104
941,尖山区,JianShanQu,105
942,岭东区,LingDongQu,105
943,四方台区,SiFangTaiQu,105
944,宝山区,BaoShanQu,105
945,集贤县,JiXianXian,105
946,宝清县,BaoQingXian,105
947,友谊县,YouYiXian,105
948,饶河县,RaoHeXian,105
949,伊春区,YiChunQu,106
950,带岭区,DaiLingQu,106
951,南岔区,NaChaQu,106
952,金山屯区,JinShanTunQu,106
953,西林区,XiLinQu,106
954,美溪区,MeiXiQu,106
955,乌马河区,WuMaHeQu,106
956,翠峦区,CuiLuanQu,106
957,友好区,YouHaoQu,106
958,新青区,XinQingQu,106
959,上甘岭区,ShangGanLingQu,106
960,五营区,WuYingQu,106
961,红星区,HongXingQu,106
962,汤旺河区,TangWangHeQu,106
963,乌伊岭区,WuYiLingQu,106
964,铁力市,TieLiShi,106
965,嘉荫县,JiaYinXian,106
966,桃山区,TaoShanQu,107
967,新兴区,XinXingQu,107
968,茄子河区,QieZiHeQu,107
969,勃利县,BoLiXian,107
970,绥滨县,SuiBinXian,108
971,萝北县,LuoBeiXian,108
972,东山区,DongShanQu,108
973,兴安区,XingAnQu,108
974,向阳区,XiangYangQu,108
975,工农区,GongNongQu,108
976,南山区,NaShanQu,108
977,兴山区,XingShanQu,108
978,爱辉区,AiHuiQu,109
979,北安市,BeiAnShi,109
980,五大连池市,WuDaLianChiShi,109
981,嫩江县,NenJiangXian,109
982,逊克县,XunKeXian,109
983,孙吴县,SunWuXian,109
984,北林区,BeiLinQu,110
985,肇东市,ZhaoDongShi,110
986,安达市,AnDaShi,110
987,海伦市,HaiLunShi,110
988,兰西县,LanXiXian,110
989,庆安县,QingAnXian,110
990,绥棱县,SuiLengXian,110
991,望奎县,WangKuiXian,110
992,明水县,MingShuiXian,110
993,青冈县,QingGangXian,110
994,加格达奇区,JiaGeDaQiQu,111
995,松岭区,SongLingQu,111
996,呼中区,HuZhongQu,111
997,新林区,XinLinQu,111
998,漠河市,MoHeShi,111
999,呼玛县,HuMaXian,111
1000,塔河县,TaHeXian,111
1001,蜀山区,shushnaqu,112
1002,庐阳区,luyangqu,112
1003,瑶海区,yaohaiqu,112
1004,包河区,baohequ,112
1005,经开区,jingkaiqu,112
1006,政务区,zhengwuqu,112
1007,滨湖区,binghuqu,112
1008,新站区,xinzhanqu,112
1009,高新区,gaoxinqu,112
1010,巢湖市,caohushi,112
1011,肥东县,feidongxian,112
1012,肥西县,feixixian,112
1013,长丰县,changfengxian,112
1014,庐江县,lujiangxian,112
1015,镜湖区,jinghuqu,113
1016,弋江区,yijiangqu,113
1017,鸠江区,jiujiangqu,113
1018,繁昌县,fanchangxian,113
1019,三山区,sanshanqu,113
1020,芜湖县,wuhuxian,113
1021,南陵县,nanlingxian,113
1022,无为县,wuweixian,113
1023,蚌山区,bengshanqu,114
1024,龙子湖区,longzihuqu,114
1025,禹会区　,yuhuiqu,114
1026,淮上区,huaishangqu,114
1027,怀远县,huaiyuanqu,114
1028,五河县,wuhequ,114
1029,固镇县,guzhenqu,114
1030,田家庵区,tianjiaanqu,115
1031,潘集区,panjiqu,115
1032,谢家集区,xiejiajiqu,115
1033,八公山区,bagongshanqu,115
1034,大通区,datongqu,115
1035,寿县,shouxian,115
1036,凤台县,fengtaixian,115
1037,山南新区,shannanxinqu,115
1038,毛集试验区,maojishiyanqu,115
1039,开发区,kaifaqu,115
1040,蒙城县,mengchengxian,116
1041,利辛县,lixinxian,116
1042,涡阳县,guoyangxian,116
1043,谯城区,qiaochengqu,116
1044,颍州区,yingzhouqu,117
1045,颍东区,yingdongqu,117
1046,颍泉区,yingquanqu,117
1047,临泉区,linquanqu,117
1048,太和县,taihexian,117
1049,阜南县,funanxian,117
1050,颍上县,yingshangxian,117
1051,界首市,jieshoushi,117
1052,相山区,xianshanqu,118
1053,杜集区,dujiqu,118
1054,烈山区,lieshanqu,118
1055,濉溪县,suixixian,118
1056,埇桥区,yongqiaoqu,119
1057,萧县,xiaoxian,119
1058,砀山县,dangshanxian,119
1059,灵璧县,lingbixian,119
1060,泗县,sixian,119
1061,宿州马鞍山现代产业园区,siuzhoumaamshanxiandaichanyeyuanqu,119
1062,宿州经济开发区,suzhoujingjikaifaqu,119
1063,琅琊区,langyaqu,120
1064,南谯区,nanqiaoqu,120
1065,全椒县,quanjiaoxian,120
1066,来安县,laianxian,120
1067,定远县,dingyuanxain,120
1068,凤阳县,fengyangxian,120
1069,天长市,tianzhangshi,120
1070,明光市,mingguanshi,120
1071,迎江区,yingjiangqu,121
1072,大观区,daguanqu,121
1073,宜秀区,yixiuqu,121
1074,怀宁县,huainingxian,121
1075,潜山市,qianshanshi,121
1076,太湖市,taihushi,121
1077,宿松县,susongxain,121
1078,枞阳县,zongyangxian,121
1079,望江县,wangjiangxian,121
1080,岳西县,yuexixian,121
1081,桐城市,tongchengshi,121
1082,花山区,huashanqu,122
1083,博望区,bowangqu,122
1084,雨山区,yushanqu,122
1085,当涂区,dangtuqu,122
1086,含山区,hanshanqu,122
1087,和县,hexian,122
1088,宣州区,xuanzhouqu,123
1089,郎溪区,langxiqu,123
1090,广德区,guangdequ,123
1091,宁国市,ningguoshi,123
1092,泾县,jingxian,123
1093,绩溪县,jixixian,123
1094,旌德县,jingdexian,123
1095,屯溪区,tunxiqu,124
1096,黄山区,huangshanqu,124
1097,徽州区,huizhouqu,124
1098,休宁县,xiuningxian,124
1099,黔县,qianxian,124
1100,祁门县,qimenxian,124
1101,歙县,shexian,124
1102,贵池区,guichiqu,125
1103,东至县,dongzhixian,125
1104,石台县,shitaixian,125
1105,青阳县,qingyangxian,125
1106,池州经济开发区,chizhoujingjikaifaqu,125
1107,池州江南产业集中区,chizhoujiangnanchanyejizhongqu,125
1108,池州火车站站前区,chizhouhuochezhanzhanqianqu,125
1109,铜官区,tongguanqu,126
1110,郊区,jiaoqu,126
1111,义安区,yianqu,126
1112,枞阳区,zongyangqu,126
1113,金安区,jinanqu,127
1114,裕安区,yuanqu,127
1115,叶集区,yejiqu,127
1116,霍邱县,huoqiuxian,127
1117,霍山县,huoshanxian,127
1118,金寨县,jinzhaixian,127
1119,舒城县,shuchengxian,127
1120,西湖区,XiHuQu,128
1121,东湖区,DongHuQu,128
1122,青山湖区,QingShanHuQu,128
1123,青云谱区,QingYunPuQu,128
1124,南昌县,NaChangXian,128
1125,新建县,XinJianXian,128
1126,进贤县,JinXianXian,128
1127,安义县,AnYiXian,128
1128,湾里区,WanLiQu,128
1129,红谷滩,HongGuTan,128
1130,浔阳区,XunYangQu,129
1131,濂溪区,LianXiQu,129
1132,柴桑区,ChaiSangQu,129
1133,永修县,YongXiuXian,129
1134,德安县,DeAnXian,129
1135,都昌县,DuChangXian,129
1136,湖口县,HuKouXian,129
1137,彭泽县,PengZeXian,129
1138,武宁县,WuNingXian,129
1139,修水县,XiuShuiXian,129
1140,瑞昌市,RuiChangShi,129
1141,共青城市,GongQingChengShi,129
1142,庐山市,LuShanShi,129
1143,信州区,XinZhouQu,130
1144,广丰区,GuangFengQu,130
1145,上饶县,ShangRaoXian,130
1146,玉山县,YuShanXian,130
1147,铅山县,QianShanXian,130
1148,横峰县,HengFengXian,130
1149,弋阳县,YiYangXian,130
1150,余干县,YuGanXian,130
1151,鄱阳县,PoYangXian,130
1152,万年县,WanNianXian,130
1153,婺源县,WuYuanXian,130
1154,德兴市,DeXingShi,130
1155,临川区,LinChuanQu,131
1156,东乡区,DongXiangQu,131
1157,南城县,NaChengXian,131
1158,黎川县,LiChuanXian,131
1159,南丰县,NaFengXian,131
1160,崇仁县,ChongRenXian,131
1161,乐安县,LeAnXian,131
1162,宜黄县,YiHuangXian,131
1163,金溪县,JinXiXian,131
1164,资溪县,ZiXiXian,131
1165,广昌县,GuangChangXian,131
1166,袁州区,YuanZhouQu,132
1167,高安市,GaoAnShi,132
1168,丰城市,FengChengShi,132
1169,樟树市,ZhangShuShi,132
1170,奉新县,FengXinXian,132
1171,万载县,WanZaiXian,132
1172,上高县,ShangGaoXian,132
1173,宜丰县,YiFengXian,132
1174,靖安县,JingAnXian,132
1175,铜鼓县,TongGuXian,132
1176,吉州区,JiZhouQu,133
1177,青原区,QingYuanQu,133
1178,吉安县,JiAnXian,133
1179,井冈山市,JingGangShanShi,133
1180,吉水县,JiShuiXian,133
1181,新干县,XinGanXian,133
1182,永丰县,YongFengXian,133
1183,泰和县,TaiHeXian,133
1184,遂川县,SuiChuanXian,133
1185,万安县,WanAnXian,133
1186,安福县,AnFuXian,133
1187,永新县,YongXinXian,133
1188,峡江县,XiaJiangXian,133
1189,章贡区,ZhangGongQu,134
1190,南康区,NaKangQu,134
1191,赣县区,GanXianQu,134
1192,信丰县,XinFengXian,134
1193,大余县,DaYuXian,134
1194,龙南县,LongNaXian,134
1195,定南县,DingNaXian,134
1196,全南县,QuanNaXian,134
1197,寻乌县,XunWuXian,134
1198,安远县,AnYuanXian,134
1199,瑞金市,RuiJinShi,134
1200,宁都县,NingDuXian,134
1201,于都县,YuDuXian,134
1202,会昌县,HuiChangXian,134
1203,石城县,ShiChengXian,134
1204,上犹县,ShangYouXian,134
1205,兴国县,XingGuoXian,134
1206,崇义县,ChongYiXian,134
1207,乐平市,Lepingshi,135
1208,浮梁县,Fuliangxian,135
1209,珠山区,Zhushanqu,135
1210,昌江区,Changjiangqu,135
1211,安源区,AnYuanQu,136
1212,湘东区,XiangDongQu,136
1213,莲花县,LianHuaXian,136
1214,上栗县,ShangLiXian,136
1215,芦溪县,LuXiXian,136
1216,渝水区,YuShuiQu,137
1217,分宜县,FenYiXian,137
1218,月湖区,YueHuQu,138
1219,余江区,YuJiangQu,138
1220,贵溪市,GuiXiShi,138
1221,桥东区,QiaoDongQu,139
1222,长安区,ChangAnQu,139
1223,桥西区,QiaoXiQu,139
1224,裕华区,YuHuaQu,139
1225,新华区,XinHuaQu,139
1226,开发区,KaiFaQu,139
1227,辛集市,XinJiShi,139
1228,藁城区,GaoChengQu,139
1229,井陉县,JingXingXian,139
1230,正定县,ZhengDingXian,139
1231,高邑县,GaoYiXian,139
1232,深泽县,ShenZeXian,139
1233,赞皇县,ZanHuangXian,139
1234,无极县,WuJiXian,139
1235,平山县,PingShanXian,139
1236,元氏县,YuanShiXian,139
1237,灵寿县,LingShouXian,139
1238,行唐县,XingTangXian,139
1239,栾城区,LuanChengQu,139
1240,鹿泉区,LuQuanQu,139
1241,新乐市,XinLeShi,139
1242,井陉矿区,JingXingKuangQu,139
1243,晋州市,JinZhouShi,139
1244,赵县,ZhaoXian,139
1245,路北区,LuBeiQu,140
1246,路南区,LuNaQu,140
1247,古冶区,GuYeQu,140
1248,开平区,KaiPingQu,140
1249,丰南区,FengNaQu,140
1250,丰润区,FengRunQu,140
1251,曹妃甸区,CaoFeiDianQu,140
1252,滦南县,LuanNaXian,140
1253,乐亭县,LeTingXian,140
1254,迁西县,QianXiXian,140
1255,玉田县,YuTianXian,140
1256,遵化市,ZunHuaShi,140
1257,迁安市,QianAnShi,140
1258,滦州市,LuanZhouShi,140
1259,海港区,HaiGangQu,141
1260,山海关区,ShanHaiGuanQu,141
1261,北戴河区,BeiDaiHeQu,141
1262,抚宁区,FuNingQu,141
1263,青龙满族自治县,QingLongManZuZiZhiXian,141
1264,昌黎县,ChangLiXian,141
1265,卢龙县,LuLongXian,141
1266,邯山区,HanShanQu,142
1267,丛台区,CongTaiQu,142
1268,复兴区,FuXingQu,142
1269,峰峰矿区,FengFengKuangQu,142
1270,肥乡区,FeiXiangQu,142
1271,永年区,YongNianQu,142
1272,临漳县,LinZhangXian,142
1273,成安县,ChengAnXian,142
1274,大名县,DaMingXian,142
1275,涉县,SheXian,142
1276,磁县,CiXian,142
1277,邱县,QiuXian,142
1278,鸡泽县,JiZeXian,142
1279,广平县,GuangPingXian,142
1280,馆陶县,GuanTaoXian,142
1281,曲周县,QuZhouXian,142
1282,武安市,WuAnShi,142
1283,魏县,WeiXian,142
1284,桥东区,QiaoDongQu,143
1285,桥西区,QiaoXiQu,143
1286,邢台县,XingTaiXian,143
1287,临城县,LinChengXian,143
1288,内丘县,NeiQiuXian,143
1289,柏乡县,BaiXiangXian,143
1290,隆尧县,LongYaoXian,143
1291,任县,RenXian,143
1292,南和县,NaHeXian,143
1293,巨鹿县,JuLuXian,143
1294,新河县,XinHeXian,143
1295,广宗县,GuangZongXian,143
1296,平乡县,PingXiangXian,143
1297,威县,WeiXian,143
1298,清河县,QingHeXian,143
1299,临西县,LinXiXian,143
1300,南宫市,NaGongShi,143
1301,沙河市,ShaHeShi,143
1302,宁晋县,NingJinXian,143
1303,竞秀区,JingXiuQu,144
1304,莲池区,LianChiQu,144
1305,满城区,ManChengQu,144
1306,清苑区,QingYuanQu,144
1307,徐水区,XuShuiQu,144
1308,涞水县,LaiShuiXian,144
1309,阜平县,FuPingXian,144
1310,定兴县,DingXingXian,144
1311,唐县,TangXian,144
1312,高阳县,GaoYangXian,144
1313,容城县,RongChengXian,144
1314,涞源县,LaiYuanXian,144
1315,望都县,WangDuXian,144
1316,安新县,AnXinXian,144
1317,易县,YiXian,144
1318,曲阳县,QuYangXian,144
1319,蠡县,LiXian,144
1320,顺平县,ShunPingXian,144
1321,博野县,BoYeXian,144
1322,雄县,XiongXian,144
1323,安国市,AnGuoShi,144
1324,高碑店市,GaoBeiDianShi,144
1325,涿州市,ZhuoZhouShi,144
1326,定州市,DingZhouShi,144
1327,桥东区,QiaoDongQu,145
1328,桥西区,QiaoXiQu,145
1329,宣化区,XuanHuaQu,145
1330,下花园区,XiaHuaYuanQu,145
1331,崇礼区,ChongLiQu,145
1332,宣化县,Xuanhuaxian,145
1333,万全区,WanQuanQu,145
1334,张北县,ZhangBeiXian,145
1335,康保县,KangBaoXian,145
1336,沽源县,GuYuanXian,145
1337,尚义县,ShangYiXian,145
1338,蔚县,WeiXian,145
1339,阳原县,YangYuanXian,145
1340,怀安县,HuaiAnXian,145
1341,涿鹿县,ZhuoLuXian,145
1342,赤城县,ChiChengXian,145
1343,怀来县,HuaiLaiXian,145
1344,双桥市,ShuangQiaoShi,146
1345,双滦区,ShuangLuanQu,146
1346,鹰手营子矿区,YingShouYingZiKuangQu,146
1347,承德县,ChengDeXian,146
1348,兴隆县,XingLongXian,146
1349,滦平县,LuanPingXian,146
1350,隆化县,LongHuaXian,146
1351,丰宁满族自治县,FengNingManZuZiZhiXian,146
1352,宽城满族自治区,KuanChengManZuZiZhiQu,146
1353,围场满族蒙古族自治县,WeiChangManZuMengGuZuZiZhiXian,146
1354,平泉县,PingQuanXian,146
1355,运河区,YunHeQu,147
1356,新华区,XinHuaQu,147
1357,沧县,CangXian,147
1358,青县,QingXian,147
1359,东光县,DongGuangXian,147
1360,海兴县,HaiXingXian,147
1361,盐山县,YanShanXian,147
1362,肃宁县,SuNingXian,147
1363,南皮县,NaPiXian,147
1364,吴桥县,WuQiaoXian,147
1365,献县,XianXian,147
1366,孟村回族自治县,MengCunHuiZuZiZhiXian,147
1367,泊头县,BoTouXian,147
1368,黄骅县,HuangHuaXian,147
1369,河间县,HeJianXian,147
1370,任丘县,RenQiuXian,147
1371,广阳区,GuangYangQu,148
1372,安次区,AnCiQu,148
1373,固安县,GuAnXian,148
1374,永清县,YongQingXian,148
1375,香河县,XiangHeXian,148
1376,大城县,DaChengXian,148
1377,文安县,WenAnXian,148
1378,大厂回族自治区,DaChangHuiZuZiZhiQu,148
1379,霸州市,BaZhouShi,148
1380,三河市,SanHeShi,148
1381,桃城区,TaoChengQu,149
1382,滨湖新区,Binghuxinqu,149
1383,开发区,KaiFaQu,149
1384,冀州市,JiZhoushi,149
1385,枣强县,ZaoQiangXian,149
1386,武邑县,WuYiXian,149
1387,武强县,WuQiangXian,149
1388,饶阳县,RaoYangXian,149
1389,安平县,AnPingXian,149
1390,故城县,GuChengXian,149
1391,阜城县,FuChengXian,149
1392,深州市,ShenZhouShi,149
1393,景县,JingXian,149
1394,中原区,ZhongYuanQu,150
1395,二七区,ErQiQu,150
1396,金水区,JinShuiQu,150
1397,惠济区,HuiJiQu,150
1398,管城区,GuanChengQu,150
1399,上街区,ShangJieQu,150
1400,巩义市,GongYiShi,150
1401,新郑市,XinZhengShi,150
1402,登封市 ,DengFengShi,150
1403,荥阳市,XingYangShi,150
1404,新密市,XinMiShi,150
1405,中牟县,ZhongMouXian,150
1406,龙亭区,LongTingQu,151
1407,鼓楼区,GuLouQu,151
1408,禹王台区,YuWangTaiQu,151
1409,顺河区,ShunHeQu,151
1410,祥符区,XiangFuQu,151
1411,兰考县,LanKaoXian,151
1412,通许县,TongXuXian,151
1413,杞县,QiXian,151
1414,尉氏县,WeiShiXian,151
1415,涧西区,JianXiQu,152
1416,西工区,XiGongQu,152
1417,老城区,LaoChengQu,152
1418,瀍河区,ChanHeQu,152
1419,洛龙区,LuoLongQu,152
1420,吉利区,JiLiQu,152
1421,偃师市,YanShiShi,152
1422,宜阳县,YiYangXian,152
1423,孟津县,MengJinXian,152
1424,新安县,XinAnXian,152
1425,洛宁县,LuoNingXian,152
1426,栾川县,LuanChuanXian,152
1427,伊川县,YiChuanXian,152
1428,汝阳县,RuYangXian,152
1429,嵩县,SongXian,152
1430,新华区,XinHuaQu,153
1431,卫东区,WeiDongQu,153
1432,石龙区,ShiLongQu,153
1433,湛河区,ZhanHeQu,153
1434,汝州市,RuZhouShi,153
1435,舞钢市,WuGangShi,153
1436,鲁山县,LuShanXian,153
1437,宝丰县,BaoFengXian,153
1438,叶县,YeXian,153
1439,郏县,JiaXian,153
1440,文峰区,WenFengQu,154
1441,北关区,BeiGuanQu,154
1442,殷都区,YinDuQu,154
1443,龙安区,LongAnQu,154
1444,林州市,LinZhouShi,154
1445,安阳县,AnYangXian,154
1446,滑县,HuaXian,154
1447,汤阴县,TangYinXian,154
1448,内黄县,NeiHuangXian,154
1449,鹤山区,HeShanQu,155
1450,山城区,ShanChengQu,155
1451,淇滨市,QiBinShi,155
1452,浚县,JunXian,155
1453,淇县,QiXian,155
1454,红旗区,HongQiQu,156
1455,卫滨区,WeiBinQu,156
1456,牧野区,MuYeQu,156
1457,凤泉区,FengQuanQu,156
1458,卫辉市,WeiHuiShi,156
1459,辉县市,HuiXianShi,156
1460,新乡县,XinXiangXian,156
1461,长垣县,ChangYuanXian,156
1462,获嘉县,HuoJiaXian,156
1463,原阳县,YuanYangXian,156
1464,延津县,YanJinXian,156
1465,封丘县,FengQiuXian,156
1466,山阳区,ShanYangQu,157
1467,中站区,ZhongZhanQu,157
1468,解放区,JieFangQu,157
1469,马村区,MaCunQu,157
1470,沁阳市,QinYangShi,157
1471,孟州市,MengZhouShi,157
1472,修武县,XiuWuXian,157
1473,博爱县,BoAiXian,157
1474,武陟县,WuZhiXian,157
1475,温县,WenXian,157
1476,华龙区,HuaLongQu,158
1477,濮阳县,PuYangXian,158
1478,清丰县,QingFengXian,158
1479,南乐县,NaLeXian,158
1480,台前县,TaiQianXian,158
1481,范县,FanXian,158
1482,魏都区,WeiDuQu,159
1483,建安区,JianAnQu,159
1484,禹州市,YuZhouShi,159
1485,长葛市,ChangGeShi,159
1486,鄢陵县,YanLingXian,159
1487,襄城县,XiangChengXian,159
1488,郾城区,YanChengQu,160
1489,源汇区,YuanHuiQu,160
1490,召陵区,ZhaoLingQu,160
1491,舞阳县,WuYangXian,160
1492,临颍县,LinYingXian,160
1493,湖滨区,HuBinQu,161
1494,陕州市,ShanZhouShi,161
1495,灵宝市,LingBaoShi,161
1496,义马市,YiMaShi,161
1497,渑池县,MianChiXian,161
1498,卢氏县,LuShiXian,161
1499,睢阳区,SuiYangQu,162
1500,梁园区,LiangYuanQu,162
1501,永城市,YongChengShi,162
1502,民权县,MinQuanXian,162
1503,宁陵县,NingLingXian,162
1504,柘城县,ZheChengXian,162
1505,虞城县,YuChengXian,162
1506,夏邑县,XiaYiXian,162
1507,睢县,SuiXian,162
1508,川汇区,ChuanHuiQu,163
1509,项城市,XiangChengShi,163
1510,鹿邑县,LuYiXian,163
1511,扶沟县,FuGouXian,163
1512,西华县,XiHuaXian,163
1513,商水县,ShangShuiXian,163
1514,沈丘县,ShenQiuXian,163
1515,淮阳县,HuaiYangXian,163
1516,郸城县,DanChengXian,163
1517,太康县,TaiKangXian,163
1518,驿城区,YiChengQu,164
1519,新蔡县,XinCaiXian,164
1520,西平县,XiPingXian,164
1521,遂平县,SuiPingXian,164
1522,平舆县,PingYuXian,164
1523,上蔡县,ShangCaiXian,164
1524,正阳县,ZhengYangXian,164
1525,沁阳县,QinYangXian,164
1526,确山县,QueShanXian,164
1527,汝南县,RuNaXian,164
1528,宛城区,WanChengQu,165
1529,卧龙区,WoLongQu,165
1530,邓州市,DengZhouShi,165
1531,南召县,NaZhaoXian,165
1532,西峡县,XiXiaXian,165
1533,方城县,FangChengXian,165
1534,镇平县,ZhenPingXian,165
1535,内乡县,NeiXiangXian,165
1536,淅川县,XiChuanXian,165
1537,社旗区,SheQiQu,165
1538,唐河县,TangHeXian,165
1539,新野县,XinYeXian,165
1540,桐柏县,TongBaiXian,165
1541,浉河区,ShiHeQu,166
1542,平桥区,PingQiaoQu,166
1543,固始县,GuShiXian,166
1544,罗山县,LuoShanXian,166
1545,光山县,GuangShanXian,166
1546,潢川县,HuangChuanXian,166
1547,淮滨县,HuaiBinXian,166
1548,商城县,ShangChengXian,166
1549,新县,XinXian,166
1550,息县,XiXian,166
1551,北海街道,Beihaijiedao,167
1552,承留镇,Chenliuzhen,167
1553,大峪镇,Dayuzhen,167
1554,济水街道,Jishuijiedao,167
1555,克井镇,Kejingzhen,167
1556,梨林镇,Lilinzhen,167
1557,坡头镇,Potouzhen,167
1558,思礼镇,Silizhen,167
1559,天坛街道,Tiantanjiedao,167
1560,玉泉街道,Yuquanjiedao,167
1561,轵城镇,Zhichengzhen,167
1562,王屋镇,Wangwuzhen,167
1563,五龙口镇,Wulomgkouzhen,167
1564,下治镇,Xiazhizhen,167
1565,沁园街道,Qinyuanjiedao,167
1566,邵原镇,Shaoyuanzhen,167
1567,洪山区,HongShanQu,168
1568,汉阳区,HanYangQu,168
1569,江汉区,JiangHanQu,168
1570,武昌区,WuChangQu,168
1571,硚口区,QiaoKouQu,168
1572,青山区,QingShanQu,168
1573,江岸区,JiangAnQu,168
1574,东西湖区,DongXiHuQu,168
1575,江夏区,JiangXiaQu,168
1576,黄陂区,HuangBeiQu,168
1577,蔡甸区,CaiDianQu,168
1578,汉南区,HanNaQu,168
1579,新洲区,XinZhouQu,168
1580,大冶市,DaYeShi,169
1581,阳新县,YangXinXian,169
1582,黄石港区,HuangShiGangQu,169
1583,西塞山区,XiSaiShanQu,169
1584,下陆区,XiaLuQu,169
1585,张湾区,ZhangWanQu,170
1586,茅箭区,MaoJianQu,170
1587,郧阳区,YunYangQu,170
1588,丹江口市,DanJiangKoushi,170
1589,郧西区,YunXiQu,170
1590,竹山区,ZhuShanQu,170
1591,竹溪区,ZhuXiQu,170
1592,房县,FangXian,170
1593,远安县,YuanAnXian,171
1594,兴山县,XingShanXian,171
1595,秭归县,ZiGuiXian,171
1596,长阳土家族自治区,ChangYangTuJiaZuZiZhiQu,171
1597,五峰土家族自治区,WuFengTuJiaZuZiZhiQu,171
1598,宜都市,YiDuShi,171
1599,枝江市,ZhiJiangShi,171
1600,当阳市,DangYangShi,171
1601,夷陵区,YiLingQu,171
1602,西陵区,XiLingQu,171
1603,伍家岗区,WuJiaGangQu,171
1604,点军区,DianJunQu,171
1605,猇亭区,XiaoTingQu,171
1606,襄城区,XiangChengQu,172
1607,樊城区,FanChengQu,172
1608,襄州区,XiangZhouQu,172
1609,枣阳市,ZaoYangShi,172
1610,宜城市,YiChengShi,172
1611,老河口市,LaoHeKouShi,172
1612,南漳县,NaZhangXian,172
1613,保康县,BaoKangXian,172
1614,谷城县,GuChengXian,172
1615,鄂城区,eChengQu,173
1616,华容区,HuaRongQu,173
1617,梁子湖区,LiangZiHuQu,173
1618,京山市,JingShanShi,174
1619,沙洋县,ShaYangXian,174
1620,钟祥市,ZhongXiangShi,174
1621,东宝区,DongBaoQu,174
1622,掇刀区,DuoDaoQu,174
1623,孝南区,XiaoNaQu,175
1624,云梦县,YunMengXian,175
1625,孝昌县,XiaoChangXian,175
1626,大悟县,DaWuXian,175
1627,应城市,YingChengShi,175
1628,安陆市,AnLuShi,175
1629,汉川市,HanChuanShi,175
1630,荆州区,JingZhouQu,176
1631,沙市区,ShaShiQu,176
1632,江陵县,JiangLingXian,176
1633,公安县,GongAnXian,176
1634,监利县,JianLiXian,176
1635,松滋市,SongZiShi,176
1636,石首市,ShiShouShi,176
1637,洪湖市,HongHuShi,176
1638,黄州区,HuangZhouQu,177
1639,麻城市,MaChengShi,177
1640,龙感湖管理区,Longganhuhuanliqu,177
1641,武穴市,WuXueShi,177
1642,团风县,TuanFengXian,177
1643,浠水县,XiShuiXian,177
1644,罗田县,LuoTianXian,177
1645,营英山县,YingYingShanXian,177
1646,蕲春县,QiChunXian,177
1647,黄梅县,HuangMeiXian,177
1648,红安县,HongAnXian,177
1649,嘉鱼县,JiaYuXian,178
1650,通城县,TongChengXian,178
1651,崇阳县,ChongYangXian,178
1652,通山县,TongShanXian,178
1653,赤壁市,ChiBiShi,178
1654,咸安区,XianAnQu,178
1655,曾都区,ZengDuQu,179
1656,随区,SuiQu,179
1657,广水市,GuangShuiShi,179
1658,恩施市,Enshishi,180
1659,鹤峰县,Hefengxian,180
1660,建始县,Jianshixian,180
1661,来凤县,Laifengxian,180
1662,利川市,Lichuanshi,180
1663,其他区,Qitaqu,180
1664,咸丰县,Xianfengxian,180
1665,宣恩县,Xuanenxian,180
1666,沙嘴街道,Shazuijiedao,181
1667,通海口镇,Tonghaikouzhen,181
1668,五湖渔场,Wuhuyuchang,181
1669,西流河镇,Xiliuhezhen,181
1670,杨林尾镇,Yanglinweizhen,181
1671,张沟镇,Zhanggouzhen,181
1672,赵西垸林场,Zhaosihuanlinchang,181
1673,郑场镇,Zhengchangzhen,181
1674,长倘口镇,Changtangkouzhen,181
1675,陈杨镇,Chenyangzhen,181
1676,畜禽良种场,Xuqinliangzhongchang,181
1677,豆河镇,Douhezhen,181
1678,干河街道,Ganhejiedao,181
1679,工业园区,Gongyeyuanqu,181
1680,郭河镇,Guohezhen,181
1681,胡场镇,Huchangzhen,181
1682,九合垸原种场,Jiuhehuanyuanzhongchang,181
1683,龙华山街道,Longhuashanjiedao,181
1684,毛嘴镇,Maozuizhen,181
1685,沔城回族镇,Mianchenghuizuzhen,181
1686,排湖风景区,Paihufengjingqu,181
1687,彭场镇,Pengchangzhen,181
1688,三伏潭镇,Sanfutanzhen,181
1689,沙湖原种场,Shahuyuanzhongchang,181
1690,沙湖镇,Shahuzhen,181
1691,白鹭湖管理区,Bailuhuguanliqu,182
1692,高场街道,Gaochangjiedao,182
1693,高石碑镇,Gaoshibeizhen,182
1694,广华街道,Guanghuajiedao,182
1695,浩口原种场,Haokouyuanzhongchang,182
1696,浩口镇,Haokouzhen,182
1697,后湖管理区,Houhuguanliqu,182
1698,积玉口镇,Jiyukouzhen,182
1699,江汉石油管理区,Jianghanshiyouguanliqu,182
1700,老新镇,Laoxinzhen,182
1701,龙湾镇,Longwanzhen,182
1702,潜江经济开发区,Qianjiangjinjikaifaqu,182
1703,泰丰街道,Taifengjiedao,182
1704,王场镇,Wangchangzhen,182
1705,熊口管理区,Xiongkouguanliqu,182
1706,熊口镇,Xiongkouzhen,182
1707,杨市街道,Yangshijiedao,182
1708,渔洋镇,Yuyangzhen,182
1709,园林街道,Yuanlinjiedao,182
1710,运粮湖管理区,Yunlianghuguanliqu,182
1711,张金镇,Zhangjinzhen,182
1712,周矶管理区,Zhoujiguanliqu,182
1713,周矶街道,Zhoujijiedao,182
1714,竹根滩镇,Zhugentanzhen,182
1715,总口管理区,Zongkouguanliqu,182
1716,白茅湖农场,Baimaohunongchang,183
1717,沉湖管委会,Chenhuguanweihui,183
1718,多宝镇,Duobaozhen,183
1719,多祥镇,Duoxiangzhen,183
1720,佛子山镇,Fozishanzhen,183
1721,干驿镇,Ganyizhen,183
1722,横林镇,Henglinzhen,183
1723,胡市镇,Hushizhen,183
1724,黄潭镇,Huangtanzhen,183
1725,蒋场镇,Jiangchangzhen,183
1726,蒋湖农场,Jianghunongchang,183
1727,竟陵街道,Jinglingjiedao,183
1728,净潭乡,Jingtanxiang,183
1729,九真镇,Jiuzhengzhen,183
1730,卢市镇,Lushizhen,183
1731,马湾镇,Mawanzhen,183
1732,麻洋镇,Mayangzhen,183
1733,彭市镇,Pengshizhen,183
1734,侨乡街道开发区,Qiaoxiangjiedaokaifaqu,183
1735,石家河镇,Shijiahezhen,183
1736,拖市镇,Tuoshizhen,183
1737,岳口镇,Yuekouzhen,183
1738,皂市镇,Zaoshizhen,183
1739,张港镇,Zhanggangzhen,183
1740,汪场镇,Wangchangzhen,183
1741,小板镇,Xiaobanzhen,183
1742,杨林街道,Yanglinjiedao,183
1743,渔薪镇,Yuxinzhen,183
1744,红坪镇,Hongpingzhen,184
1745,九湖镇,Jiuhuzhen,184
1746,木鱼镇,Muyuzhen,184
1747,松柏镇,Songbaizhen,184
1748,宋洛乡,Songluoxiang,184
1749,峡谷平土家族乡,Xiagupingtujiazuxiang,184
1750,新华镇,Xinhuazhen,184
1751,阳日镇,Yangrizhen,184
1752,芙蓉区,FuRongQu,185
1753,雨花区,YuHuaQu,185
1754,天心区,TianXinQu,185
1755,开福区,KaiFuQu,185
1756,岳麓区,YueLuQu,185
1757,望城县,WangChengXian,185
1758,宁乡县,NingXiangXian,185
1759,浏阳市,LiuYangShi,185
1760,长沙县,ChangShaXian,185
1761,天元区,TianYuanQu,186
1762,芦淞区,LuSongQu,186
1763,荷塘区,HeTangQu,186
1764,石峰区,ShiFengQu,186
1765,株洲县,Zhuzhouxian,186
1766,攸县,YouXian,186
1767,茶陵县,ChaLingXian,186
1768,炎陵县,YanLingXian,186
1769,雨湖区,YuHuQu,187
1770,岳塘区,YueTangQu,187
1771,湘乡市,XiangXiangShi,187
1772,韶山市,ShaoShanShi,187
1773,湘潭县,XiangTanXian,187
1774,雁峰区,YanFengQu,188
1775,石鼓区,ShiGuQu,188
1776,珠晖区,ZhuHuiQu,188
1777,蒸湘区,ZhengXiangQu,188
1778,南岳区,NaYueQu,188
1779,衡阳县,HengYangXian,188
1780,衡南县,HengNaXian,188
1781,衡山县,HengShanXian,188
1782,衡东县,HengDongXian,188
1783,祁东县,QiDongXian,188
1784,耒阳市,LeiYangShi,188
1785,常宁市,ChangNingShi,188
1786,双清区,ShuangQingQu,189
1787,大祥区,DaXiangQu,189
1788,北塔区,BeiTaQu,189
1789,邵东县,ShaoDongXian,189
1790,新邵县,XinShaoXian,189
1791,邵阳县,ShaoYangXian,189
1792,隆回县,LongHuiXian,189
1793,洞口县,DongKouXian,189
1794,绥宁县,SuiNingXian,189
1795,新宁县,XinNingXian,189
1796,城步苗族自治县,ChengBuMiaoZuZiZhiXian,189
1797,武冈市,WuGangShi,189
1798,岳阳楼区,YueYangLouQu,190
1799,岳阳经济技术开发区,YueYangJingJiJiShuKaiFaQu,190
1800,云溪区,YunXiQu,190
1801,君山区,JunShanQu,190
1802,湘阴县,XiangYinXian,190
1803,岳阳县,YueYangXian,190
1804,华容县,HuaRongXian,190
1805,平江县,PingJiangXian,190
1806,汨罗县,MiLuoXian,190
1807,临湘市,LinXiangShi,190
1808,武陵区,WuLingQu,191
1809,鼎城区,DingChengQu,191
1810,安乡县,AnXiangXian,191
1811,汉寿县,HanShouXian,191
1812,桃源县,TaoYuanXian,191
1813,临澧县,LinLiXian,191
1814,石门县,ShiMenXian,191
1815,澧县,LiXian,191
1816,津市市,JinShiShi,191
1817,永定区,YongDingQu,192
1818,武陵源区,WuLingYuanQu,192
1819,慈利县,CiLiXian,192
1820,桑植县,SangZhiXian,192
1821,安化县,AnHuaXian,193
1822,桃江县,TaoJiangXian,193
1823,南县,NaXian,193
1824,沅江市,YuanJiangShi,193
1825,资阳区,ZiYangQu,193
1826,赫山区,HeShanQu,193
1827,大通湖区,DaTongHuQu,193
1828,娄星区,LouXingQu,194
1829,冷水江区,LengShuiJiangQu,194
1830,涟源市,LianYuanShi,194
1831,双峰县,ShuangFengXian,194
1832,新化县,XinHuaXian,194
1833,北湖区,BeiHuQu,195
1834,苏仙区,SuXianQu,195
1835,桂阳县,GuiYangXian,195
1836,宜章县,YiZhangXian,195
1837,永兴县,YongXingXian,195
1838,嘉禾县,JiaHeXian,195
1839,临武县,LinWuXian,195
1840,汝城县,RuChengXian,195
1841,桂东县,GuiDongXian,195
1842,安仁县,AnRenXian,195
1843,资兴市,ZiXingShi,195
1844,零陵区,LingLingQu,196
1845,冷水滩区,LengShuiTanQu,196
1846,双牌县,ShuangPaiXian,196
1847,祁阳县,QiYangXian,196
1848,东安县,DongAnXian,196
1849,道县,DaoXian,196
1850,宁远县,NingYuanXian,196
1851,新田县,XinTianXian,196
1852,蓝山县,LaShanXian,196
1853,江永县,JiangYongXian,196
1854,江华瑶族自治县,JiangHuaYaoZuZiZhiXian,196
1855,鹤城区,HeChengQu,197
1856,中方县,ZhongFangxian,197
1857,洪江市,HongJiangShi,197
1858,沅陵县,YuanLingXian,197
1859,辰溪县,ChenXiXian,197
1860,溆浦县,XuPuXian,197
1861,会同县,HuiTongXian,197
1862,麻阳苗族自治县,MaYangMiaoZuZiZhiXian,197
1863,新晃侗族自治县,XinHuangDongZuZiZhiXian,197
1864,芷江侗族自治县,ZhiJiangDongZuZiZhiXian,197
1865,靖州苗族侗族自治县,JingZhouMiaoZuDongZuZiZhiXian,197
1866,通道侗族自治县,TongDaoDongZuZiZhiXian,197
1867,洪江管理区,HongJiangGuanLiQu,197
1868,吉首市,JiShouShi,198
1869,泸西县,LuXiXian,198
1870,凤凰县,FengHuangXian,198
1871,花垣县,HuaYuanXian,198
1872,保靖县,BaoJingXian,198
1873,古丈县,GuZhangXian,198
1874,永顺县,YongShunXian,198
1875,龙山县,LongShanXian,198
1876,青秀区,QingXiuQu,199
1877,兴宁区,XingNingQu,199
1878,西乡塘区,XiXiangTangQu,199
1879,江南区,JiangNaQu,199
1880,良庆区,LiangQingQu,199
1881,隆安县,LongAnXian,199
1882,上林县,ShangLinXian,199
1883,宾阳县,BinYangXian,199
1884,邕宁区,YongNingQu,199
1885,横县,HengXian,199
1886,武鸣区,WuMingQu,199
1887,马山县,MaShanXian,199
1888,柳北区,LiuBeiQu,200
1889,柳南区,LiuNaQu,200
1890,柳江区,LiuJiangQu,200
1891,城中区,ChengZhongQu,200
1892,鱼峰区,YuFengQu,200
1893,鹿寨县,LuZhaiXian,200
1894,柳城县,LiuChengXian,200
1895,融安县,RongAnXian,200
1896,融水苗族自治县,RongShuiMiaoZuZiZhiXian,200
1897,三江侗族自治县,SanJiangDongZuZiZhiXian,200
1898,象山区,XiangShanQu,201
1899,秀峰区,XiuFengQu,201
1900,叠彩区,DieCaiQu,201
1901,七星区,QiXingQu,201
1902,雁山区,YanShanQu,201
1903,临桂区,LinGuiQu,201
1904,阳朔县,YangShuoXian,201
1905,灵川县,LingChuanXian,201
1906,全州县,QuanZhouXian,201
1907,平乐县,PingLeXian,201
1908,兴安县,XingAnXian,201
1909,灌阳县,GuanYangXian,201
1910,荔浦县,LiPuXian,201
1911,资源县,ZiYuanXian,201
1912,永福县,YongFuXian,201
1913,龙胜各族自治县,LongShengGeZuZiZhiXian,201
1914,恭城瑶族自治县,GongChengYaoZuZiZhiXian,201
1915,长洲区,ChangZhouQu,202
1916,万秀区,WanXiuQu,202
1917,龙圩区,LongXuQu,202
1918,岑溪市,CenXiShi,202
1919,苍梧县,CangWuXian,202
1920,蒙山县,MengShanXian,202
1921,藤县,TengXian,202
1922,海城区,HaiChengQu,203
1923,银海区,YinHaiQu,203
1924,铁山港区,TieShanGangQu,203
1925,合浦县,HePuXian,203
1926,港口区,GangKouQu,204
1927,防城区,FangChengQu,204
1928,东兴市,DongXingShi,204
1929,上思县,ShangSiXian,204
1930,钦南区,QinNaQu,205
1931,钦北区,QinBeiQu,205
1932,灵山县,LingShanXian,205
1933,浦北县,PuBeiXian,205
1934,港北区,GangBeiQu,206
1935,港南区,GangNaQu,206
1936,覃塘区,QinTangQu,206
1937,桂平市,GuiPingShi,206
1938,平南县,PingNaXian,206
1939,玉州区,YuZhouQu,207
1940,福绵区,FuMianQu,207
1941,北流市,BeiLiuShi,207
1942,容县,RongXian,207
1943,陆川县,LuChuanXian,207
1944,博白县,BoBaiXian,207
1945,兴业县,XingYeXian,207
1946,右江区,YouJiangQu,208
1947,靖西市,JingXiShi,208
1948,田阳县,TianYangXian,208
1949,田东县,TianDongXian,208
1950,平果县,PingGuoXian,208
1951,德保县,DeBaoXian,208
1952,那坡县,NaPoXian,208
1953,凌云县,LingYunXian,208
1954,乐业县,LeYeXian,208
1955,田林县,TianLinXian,208
1956,西林县,XiLinXian,208
1957,隆林各族自治县,LongLinGeZuZiZhiXian,208
1958,八步区,BaBuQu,209
1959,平桂区,PingGuiQu,209
1960,昭平县,ZhaoPingXian,209
1961,钟山县,ZhongShanXian,209
1962,富川瑶族自治县,FuChuanYaoZuZiZhiXian,209
1963,宜州区,YiZhouQu,210
1964,金城江区,JinChengJiangQu,210
1965,南丹县,NaDanXian,210
1966,天峨县,TianEXian,210
1967,凤山县,FengShanXian,210
1968,东兰县,DongLanXian,210
1969,巴马瑶族自治县,BaMaYaoZuZiZhiXian,210
1970,都安瑶族自治县,DuAnYaoZuZiZhiXian,210
1971,大化瑶族自治县,DaHuaYaoZuZiZhiXian,210
1972,罗城仫佬族自治县,LuoChengMuLaoZuZiZhiXian,210
1973,环江毛南族自治县,HuanJiangMaoNaZuZiZhiXian,210
1974,兴宾区,XingBinQu,211
1975,合山市,HeShanShi,211
1976,象州县,XiangZhouXian,211
1977,武宣县,WuXuanXian,211
1978,忻城县,XinChengXian,211
1979,金秀瑶族自治县,JinXiuYaoZuZiZhiXian,211
1980,江州区,JiangZhouQu,212
1981,凭祥市,PingXiangShi,212
1982,扶绥县,FuSuiXian,212
1983,宁明县,NingMingXian,212
1984,龙州县,LongZhouXian,212
1985,大新县,DaXinXian,212
1986,天等县,TianDengXian,212
1987,龙华区,LongHuaQu,213
1988,美兰区,MeiLanQu,213
1989,秀英区,XiuYingQu,213
1990,琼山区,QiongShanQu,213
1991,文昌市,WenChangShi,213
1992,天涯区,TianYaQu,214
1993,崖州区,YaZhouQu,214
1994,吉阳区,JiYangQu,214
1995,海棠区,HaiTangQu,214
1996,西沙群岛,Xishaqundao,215
1997,南沙群岛,Nanshaquandao,215
1998,中沙群岛的岛礁及海域,Zhongshaqundaodedaojiaojihaiyu,215
1999,白马井镇,Baimajingzhen,216
2000,大成镇,Dachengzhen,216
2001,东城镇,Dongchengzhen,216
2002,峨蔓镇,Emanzhen,216
2003,光村镇,Guangcunzhen,216
2004,国营八一农场,Guoyingbayinongchang,216
2005,国营蓝洋农场,Guoyinglanyangnongchang,216
2006,国营西联农场,Guolingxiliannongchang,216
2007,国营西培农场,Guoyingxipeinongchang,216
2008,海头镇,Haitouzhen,216
2009,和庆镇,Heqingzhen,216
2010,华南热作学院,Huananrezuoxueyuan,216
2011,兰洋镇,Lanyangzhen,216
2012,木棠镇,Mutangzhen,216
2013,南丰镇,Nanfengzhen,216
2014,那大镇,Nadazhen,216
2015,排浦镇,Paipuzhen,216
2016,三都镇,Sanduzhen,216
2017,王五镇,Wangwuzhen,216
2018,新州镇,Xinzhouzhen,216
2019,雅星镇,Yaxinzhen,216
2020,洋浦经济开发区,Yangpujingjikaifaqu,216
2021,中和镇,Zhonghezhen,216
2022,定城镇,Dingchengzhen,217
2023,国营金鸡岭农场,Guoyingjinjilingnongchang,217
2024,国营南海农场,Guoyingnanhainongchang,217
2025,国营中瑞农场,Guoyingzhongruinongchang,217
2026,翰林镇,Hanlinzhen,217
2027,黄竹镇,Huangzhuzhen,217
2028,雷鸣镇,Leimingzhen,217
2029,岭口镇,Lingkouzhen,217
2030,龙河镇,Longhezhen,217
2031,龙湖镇,Longhuzhen,217
2032,龙门镇,Longmenzhen,217
2033,新竹镇,Xinzhuzhen,217
2034,枫木镇,Fengmuzhen,218
2035,国营中间农场,Guoyingzhongjiannongchang,218
2036,国营中坤农场,Guoyingzhongkunnongchang,218
2037,南坤镇,Nankunzhen,218
2038,南吕镇,Nanlvzhen,218
2039,坡心镇,Poxinzhen,218
2040,屯城镇,Tunchengzhen,218
2041,乌坡镇,Wupozhen,218
2042,西昌镇,Xichangzhen,218
2043,新兴镇,Xinxingzhen,218
2044,大丰镇,Dafengzhen,219
2045,福山镇,Fushanzhen,219
2046,国营和岭农场,Guoyinghelingnongchang,219
2047,国营红岗农场,Guoyinghonggangnongchang,219
2048,国营红光农场,Guoyinghongguangnongchang,219
2049,国营金安农场,Guoyingjinannongchang,219
2050,国营昆仑农场,Guoyingkunlunnongchan,219
2051,国营西达农场,Guoyingxidanongchang,219
2052,加乐镇,Jialezhen,219
2053,金江镇,Jinjiangzhen,219
2054,老城镇,Laochengzhen,219
2055,桥头镇,Qiaotouzhen,219
2056,仁兴镇,Renxingzhen,219
2057,瑞溪镇,Ruixizhen,219
2058,文儒镇,Wenruzhen,219
2059,永发镇,Yongfazhen,219
2060,中兴镇,Zhongxingzhen,219
2061,博厚镇,Bohouzhen,220
2062,波莲镇,Bolianzhen,220
2063,调楼镇,Tiaolouzhen,220
2064,东英镇,Dongyingzhen,220
2065,多文镇,Duowenzhen,220
2066,国营红华农场,Guoyinghonghuanongchang,220
2067,国营加来农场,Guoyingjialainongchang,220
2068,和舍镇,Heshezhen,220
2069,皇桐镇,Huangtongzhen,220
2070,临城镇,Linchengzhen,220
2071,南宝镇,Nanbaozhen,220
2072,新盈镇,Xinyingzhen,220
2073,畅好乡,Changhaoxiang,221
2074,番阳镇,Fanyangzhen,221
2075,国营畅好农场,Guoyingchanghaonongchang,221
2076,毛道乡,Maodaoxiang,221
2077,毛阳镇,Maoyangzhen,221
2078,南圣镇,Nanshengzhen,221
2079,水满乡,Shuimanxiang,221
2080,通什镇,Tongshenzhen,221
2081,抱罗镇,Baoluozhen,222
2082,昌洒镇,Changsazhen,222
2083,东阁镇,Donggezhen,222
2084,东郊镇,Dongjiaozhen,222
2085,东路镇,Dongluzhen,222
2086,冯坡镇,Fengpozhen,222
2087,公坡镇,Gongpozhen,222
2088,国营东路农场,Guoyingdonglunongchang,222
2089,国营罗豆农场,Guoyingluodounongchang,222
2090,国营南阳农场,Guoyingnanyangnongchang,222
2091,会文镇,Huiwenzhen,222
2092,锦山镇,Jinshanzhen,222
2093,龙楼镇,Longlouzhen,222
2094,蓬莱镇,Penglaizhen,222
2095,铺前镇,Puqianzhen,222
2096,潭牛镇,Tanniuzhen,222
2097,文城镇,Wenchengzhen,222
2098,翁田镇,Wengtianzhen,222
2099,重兴镇,Chongxinzhen,222
2100,彬村山华侨农场,Bincunshanhuaqiaonongchang,223
2101,博鳌镇,Boaozhen,223
2102,长坡镇,Changpozhen,223
2103,大路镇,Daluzhen,223
2104,国营东红农场,Guoyingdonghongnongchang,223
2105,国营东升农场,Guoyingdongshengnongchang,223
2106,国营东太农场,Guoyingdongtainongchang,223
2107,会山镇,Huishanzhen,223
2108,嘉积镇,Jiajizhen,223
2109,龙江镇,Longjiangzhen,223
2110,石壁镇,Shibizhen,223
2111,塔洋镇,Tayangzhen,223
2112,潭门镇,Tanmenzhen,223
2113,万泉镇,Wanquanzhen,223
2114,阳江镇,Yangjiangzhen,223
2115,中原镇,Zhongyuanzhen,223
2116,北大镇,Beidazhen,224
2117,长丰镇,Changfengzhen,224
2118,大茂镇,Damaozhen,224
2119,地方国营六连林场,Difangguoyingliulianlinchang,224
2120,东澳镇,Dongaozhen,224
2121,国营东和农场,Guoyingdonghenongchang,224
2122,国营东兴农场,Guoyingdongxingnongchang,224
2123,国营新中农场,Guoyingxinzhongnongchang,224
2124,和乐镇,Helezhen,224
2125,后安镇,Houanzhen,224
2126,礼记镇,Lijizhen,224
2127,龙滚镇,Longgunzhen,224
2128,南桥镇,Nanqiaozhen,224
2129,三更罗镇,Sangengluozhen,224
2130,山根镇,Shangengzhen,224
2131,万城镇,Wanchengzhen,224
2132,兴隆华侨农场,Xinglonghuaqiaonongchang,224
2133,八所镇,Basuozhen,225
2134,板桥镇,Banqiaozhen,225
2135,大田镇,Datianzhen,225
2136,东方华侨农场,Dongfanghuaqiaonongchang,225
2137,东河镇,Donghezhen,225
2138,感城镇,Ganchengzhen,225
2139,国营广坝农场,Guoyingguangbanongchang,225
2140,江边乡,Jiangbianxiang,225
2141,三家镇,Sanjiangzhen,225
2142,四更镇,Sigengzhen,225
2143,天安乡,Tiananxiang,225
2144,新龙镇,Xinlongzhen,225
2145,邦溪镇,Bangxizhen,226
2146,打安镇,Daanzhen,226
2147,阜龙乡,Fulongxiang,226
2148,国营白沙农场,Guoyingbaishanongchang,226
2149,国营邦溪农场,Guoyingbangxinongchang,226
2150,国营龙江农场,Guoyinglongjiangnongchang,226
2151,金波乡,Jinboxiang,226
2152,南开乡,Nankaixiang,226
2153,七坊镇,Qifangzhen,226
2154,青松乡,Qingsongxiang,226
2155,荣邦乡,Rongbangxiang,226
2156,细水乡,Xishuixiang,226
2157,牙叉镇,Yachazhen,226
2158,元门乡,Yuanmenxiang,226
2159,叉河镇,Chahezhen,227
2160,昌化镇,Changhuazhen,227
2161,国营霸王岭林场,Guoyingbawanglinlinchang,227
2162,国营红林农场,Guoyinghonglinnongchang,227
2163,海南矿业联合有限公司,Hainankuangyelianheyouxiangongsi,227
2164,海尾镇,Haiweizhen,227
2165,七叉镇,Qichazhen,227
2166,石碌镇,Shiluzhen,227
2167,十月田镇,Shiyuetianzhen,227
2168,王下乡,Wangxiaxiang,227
2169,乌烈镇,Wuliezhen,227
2170,抱由镇,Baoyouzhen,228
2171,大安镇,Daanzhen,228
2172,佛罗镇,Foluozhen,228
2173,国营保国农场,Guoyingbaoguonongchang,228
2174,国营尖峰岭林业公司,Guoyingjianfenglinglinyegongsi,228
2175,国营乐光农场,Guoyingleguangnongchang,228
2176,国营山荣农场,Guoyingshanrongnongchang,228
2177,国营莺歌海盐场,Guoyingyinggehaiyanchang,228
2178,黄流镇,Huangliuzhen,228
2179,尖峰镇,Jianfengzhen,228
2180,九所镇,Jiusuozhen,228
2181,利国镇,Liguozhen,228
2182,千家镇,Qianjiazhen,228
2183,万冲镇,Wanchongzhen,228
2184,莺歌海填,Yinggehaitian,228
2185,志仲镇,Zhizhongzhen,228
2186,本号镇,Benhaozhen,229
2187,光坡镇,Guangpozhen,229
2188,国营吊罗山林业公司,Guoyingdiaoluoshanlinyegongsi,229
2189,国营岭门农场,Guoyinglingmennongchang,229
2190,国营南平农场,Guoyingnanpingnongchang,229
2191,黎安镇,Li'anzhen,229
2192,隆广镇,Longguangzhen,229
2193,群英乡,Qunyingxiang,229
2194,三才镇,Sancaizhen,229
2195,提蒙乡,Timengxiang,229
2196,文罗镇,Wenluozhen,229
2197,新村镇,Xincunzhen,229
2198,椰林镇,Yelinzhen,229
2199,英州镇,Yingzhouzhen,229
2200,保城镇,Baochengzhen,230
2201,国营金江农场,Guoyingjinjiangnongchang,230
2202,国营三道农场,Guoyingsandaonongchang,230
2203,国营新星农场,Guoyingxinxingnongchang,230
2204,海南保亭热带作物研究所,Hainanbaotingredaizuowuyanjiusuo,230
2205,加茂镇,Jiamaozhen,230
2206,六弓乡,Liugongxiang,230
2207,毛感乡,Maoganxiang,230
2208,南林乡,Nanlinxiang,230
2209,三道镇,Sandaozhen,230
2210,什玲镇,Shenlingzhen,230
2211,响水镇,Xiangshuizhen,230
2212,新政镇,Xinzhengzhen,230
2213,长征镇,changzhengzhen,231
2214,吊罗山乡,Diaoluoshanxiang,231
2215,国营长征农场,Guoyingchangzhengnongchang,231
2216,国营加钗农场,Guoyingjiachainongchang,231
2217,国营黎母山林业公司,Guoyinglimushanlinyegongsi,231
2218,国营乌石农场,Guoyingwushinongchang,231
2219,国营阳江农场,Guoyingyangjiangnongchang,231
2220,和平镇,Hepingzhen,231
2221,红毛镇,Hongmaozhen,231
2222,黎母山镇,Limushanzhen,231
2223,上安乡,Shanganxiang,231
2224,什运乡,Shenyunxiang,231
2225,湾岭镇,Wanlingzhen,231
2226,营根镇,Yinggenzhen,231
2227,中平镇,Zhongpingzhen,231
2228,武侯区,WuHouQu,232
2229,青羊区,QingYangQu,232
2230,成华区,ChengHuaQu,232
2231,金牛区,JinNiuQu,232
2232,锦江区,JinJiangQu,232
2233,郫县,PiXian,232
2234,温江区,WenJiangQu,232
2235,龙泉驿区,LongQuanYiQu,232
2236,彭州市,PengZhouShi,232
2237,青白江区,QingBaiJiangQu,232
2238,新津县,XinJinXian,232
2239,都江堰市,DuJiangYanShi,232
2240,双流县,ShuangLiuXian,232
2241,高新区,GaoXinQu,232
2242,蒲江县,PuJiangXian,232
2243,大邑县,DaYiXian,232
2244,崇州市,ChongZhouShi,232
2245,邛崃市,QiongLaiShi,232
2246,新都区,XinDuQu,232
2247,金堂县,JinTangXian,232
2248,涪城区,FuChengQu,233
2249,游仙区,YouXianQu,233
2250,安州区,AnZhouQu,233
2251,梓潼县,ZiTongXian,233
2252,三台县,SanTaiXian,233
2253,盐亭县,YanTingXian,233
2254,平武县,PingWuXian,233
2255,江油市,JiangYouShi,233
2256,北川羌族自治县,BeiChuanQiangZuZiZhiXian,233
2257,自流井区,ZiLiuJingQu,234
2258,贡井区,GongJingQu,234
2259,大安区,DaAnQu,234
2260,沿滩区,YanTanQu,234
2261,荣县,RongXian,234
2262,富顺县,FuShunXian,234
2263,东区,DongQu,235
2264,西区,XiQu,235
2265,仁和区,RenHeQu,235
2266,米易县,MiYiXian,235
2267,盐边县,YanBianXian,235
2268,江阳区,JiangYangQu,236
2269,龙马潭区,LongMaTanQu,236
2270,纳溪区,NaXiQu,236
2271,泸县,LuXian,236
2272,合江县,HeJiangXian,236
2273,叙永县,XuYongXian,236
2274,古蔺县,GuLinXian,236
2275,旌阳区,JingYangQu,237
2276,罗江区,LuoJiangQu,237
2277,广汉市,GuangHanShi,237
2278,什邡市,ShiFangShi,237
2279,绵竹市,MianZhuShi,237
2280,中江县,ZhongJiangXian,237
2281,利州区,LiZhouQu,238
2282,昭化区,ZhaoHuaQu,238
2283,朝天区,ChaoTianQu,238
2284,旺苍县,WangCangXian,238
2285,青川县,QingChuanXian,238
2286,剑阁县,JianGeXian,238
2287,苍溪县,CangXiXian,238
2288,船山区,ChuanShanQu,239
2289,安居区,AnJuQu,239
2290,射洪县,SheHongXian,239
2291,蓬溪县,PengXiXian,239
2292,大英县,DaYingXian,239
2293,市中区,ShiZhongQu,240
2294,东兴区,DongXingQu,240
2295,资中县,ZiZhongXian,240
2296,威远县,WeiYuanXian,240
2297,隆昌市,LongChangShi,240
2298,市中区,ShiZhongQu,241
2299,沙湾区,ShaWanQu,241
2300,五通桥区,WuTongQiaoQu,241
2301,金口河区,JinKouHeQu,241
2302,犍为县,JianWeiXian,241
2303,井研县,JingYanXian,241
2304,夹江县,JiaJiangXian,241
2305,沐川县,MuChuanXian,241
2306,峨眉山市,EMeiShanShi,241
2307,峨边彝族自治县,EBianYiZuZiZhiXian,241
2308,马边彝族自治县,MaBianYiZuZiZhiXian,241
2309,雁江区,YanJiangQu,242
2310,安岳县,AnYueXian,242
2311,乐至县,LeZhiXian,242
2312,叙州区,XuZhouQu,243
2313,翠屏区,CuiPingQu,243
2314,南溪区,NaXiQu,243
2315,江安县,JiangAnXian,243
2316,长宁县,ChangNingXian,243
2317,高县,GaoXian,243
2318,筠连县,JunLianXian,243
2319,珙县,GongXian,243
2320,兴文县,XingWenXian,243
2321,屏山县,PingShanXian,243
2322,顺庆区,ShunQingQu,244
2323,高坪区,GaoPingQu,244
2324,嘉陵区,JiaLingQu,244
2325,西充县,XiChongXian,244
2326,南部县,NaBuXian,244
2327,蓬安县,PengAnXian,244
2328,营山县,YingShanXian,244
2329,仪陇县,YiLongXian,244
2330,阆中市,LangZhongShi,244
2331,通川区,TongChuanQu,245
2332,达川区,DaChuanQu,245
2333,宣汉县,XuanHanXian,245
2334,开江县,KaiJiangXian,245
2335,大竹县,DaZhuXian,245
2336,渠县,QuXian,245
2337,万源市,WanYuanShi,245
2338,雨城区,YuChengQu,246
2339,名山区,MingShanQu,246
2340,荥经县,XingJingXian,246
2341,汉源县,HanYuanXian,246
2342,石棉县,ShiMianXian,246
2343,天全县,TianQuanXian,246
2344,芦山县,LuShanXian,246
2345,宝兴县,BaoXingXian,246
2346,马尔康市,MaErKangShi,247
2347,金川县,JinChuanXian,247
2348,小金县,XiaoJinXian,247
2349,阿坝县,ABaXian,247
2350,若尔盖县,RuoErGaiXian,247
2351,红原县,HongYuanXian,247
2352,壤塘县,RangTangXian,247
2353,汶川县,WenChuanXian,247
2354,理县,LiXian,247
2355,茂县,MaoXian,247
2356,松潘县,SongPanXian,247
2357,九寨沟县,JiuZhaiGouXian,247
2358,黑水县,HeiShuiXian,247
2359,康定市,KangDingShi,248
2360,泸定县,LuDingXian,248
2361,丹巴县,DanBaXian,248
2362,九龙县,JiuLongXian,248
2363,雅江县,YaJiangXian,248
2364,道孚县,DaoFuXian,248
2365,炉霍县,LuHuoXian,248
2366,甘孜县,GanZiXian,248
2367,新龙县,XinLongXian,248
2368,德格县,DeGeXian,248
2369,白玉县,BaiYuXian,248
2370,石渠县,ShiQuXian,248
2371,色达县,SeDaXian,248
2372,理塘县,LiTangXian,248
2373,巴塘县,BaTangXian,248
2374,乡城县,XiangChengXian,248
2375,稻城县,DaoChengXian,248
2376,得荣县,DeRongXian,248
2377,西昌市,XiChangShi,249
2378,德昌县,DeChangXian,249
2379,会理县,HuiLiXian,249
2380,会东县,HuiDongXian,249
2381,宁南县,NingNaXian,249
2382,普格县,PuGeXian,249
2383,布拖县,BuTuoXian,249
2384,昭觉县,ZhaoJueXian,249
2385,金阳县,JinYangXian,249
2386,雷波县,LeiBoXian,249
2387,美姑县,MeiGuXian,249
2388,甘洛县,GanLuoXian,249
2389,越西县,YueXiXian,249
2390,喜德县,XiDeXian,249
2391,冕宁县,MianNingXian,249
2392,盐源县,YanYuanXian,249
2393,木里藏族自治县,MuLiCangZuZiZhiXian,249
2394,广安区,GuangAnQu,250
2395,前锋区,QianFengQu,250
2396,邻水县,LinShuiXian,250
2397,武胜县,WuShengXian,250
2398,岳池县,YueChiXian,250
2399,华蓥市,HuaYingShi,250
2400,巴州区,BaZhouQu,251
2401,恩阳区,EnYangQu,251
2402,平昌县,PingChangXian,251
2403,通江县,TongJiangXian,251
2404,南江县,NaJiangXian,251
2405,东坡区,DongPoQu,252
2406,彭山区,PengShanQu,252
2407,仁寿县,RenShouXian,252
2408,丹棱县,DanLengXian,252
2409,青神县,QingShenXian,252
2410,洪雅县,HongYaXian,252
2411,云岩区,YunYanQu,253
2412,南明区,NaMingQu,253
2413,白云区,BaiYunQu,253
2414,乌当区,WuDangQu,253
2415,花溪区,HuaXiQu,253
2416,修文县,XiuWenXian,253
2417,开阳县,KaiYangXian,253
2418,清镇市,QingZhenShi,253
2419,金阳新区,JinYangXinQu,253
2420,息烽县,XiFengXian,253
2421,桐梓县,TongZiXian,254
2422,红花岗区,Honghuagangqu,254
2423,汇川区,Huichuanqu,254
2424,播州区,Bozhouqu,254
2425,绥阳县,SuiYangXian,254
2426,正安县,ZhengAnXian,254
2427,道真县,DaoZhenXian,254
2428,务川县,WuChuanXian,254
2429,凤冈县,FengGangXian,254
2430,湄潭县,MeiTanXian,254
2431,余庆县,YuQingXian,254
2432,习水县,XiShuiXian,254
2433,钟山区,ZhongShanQu,255
2434,盘州市,PanZhouShi,255
2435,六枝特区,LiuZhiTeQu,255
2436,水城县,ShuiChengXian,255
2437,西秀区,XiXiuQu,256
2438,平坝区,PingBaQu,256
2439,镇宁县,ZhenNingXian,256
2440,普定县,PuDingXian,256
2441,关岭县,GuanLingXian,256
2442,紫云县,ZiYunXian,256
2443,七星关区,QiXingGuanQu,257
2444,赫章县,HeZhangXian,257
2445,威宁县,WeiNingXian,257
2446,威宁县,WeiNingXian,257
2447,织金县,ZhiJinXian,257
2448,黔西县,QianXiXian,257
2449,金沙县,JinShaXian,257
2450,大方县,DaFangXian,257
2451,碧江区,BiJiangQu,258
2452,万山区,WanShanQu,258
2453,江口县,JiangKouXian,258
2454,玉屏县,YuPingXian,258
2455,石阡县,ShiQianXian,258
2456,思南县,SiNaXian,258
2457,印江县,YinJiangXian,258
2458,德江县,DeJiangXian,258
2459,沿河县,YanHeXian,258
2460,松桃县,SongTaoXian,258
2461,凯里市,KaiLiShi,259
2462,镇远县,ZhenYuanXian,259
2463,黄平县,HuangPingXian,259
2464,施秉县,ShiBingXian,259
2465,三穗县,SanSuiXian,259
2466,岑巩县,CenGongXian,259
2467,天柱县,TianZhuXian,259
2468,锦屏县,JinPingXian,259
2469,剑河县,JianHeXian,259
2470,台江县,TaiJiangXian,259
2471,黎平县,LiPingXian,259
2472,榕江县,RongJiangXian,259
2473,从江县,CongJiangXian,259
2474,雷山县,LeiShanXian,259
2475,麻江县,MaJiangXian,259
2476,丹寨县,DanZhaiXian,259
2477,都匀市,DuYunShi,261
2478,福泉市,FuQuanShi,261
2479,荔波县,LiBoXian,261
2480,贵定县,GuiDingXian,261
2481,瓮安县,WengAnXian,261
2482,独山县,DuShanXian,261
2483,平塘县,PingTangXian,261
2484,罗甸县,LuoDianXian,261
2485,长顺县,ChangShunXian,261
2486,龙里县,LongLiXian,261
2487,惠水县,HuiShuiXian,261
2488,三都县,SanDuXian,261
2489,兴义市,XingYiShi,262
2490,兴仁市,XingRenShi,262
2491,普安县,PuAnXian,262
2492,晴隆县,QingLongXian,262
2493,贞丰县,ZhenFengXian,262
2494,望谟县,WangMoXian,262
2495,册亨县,CeHengXian,262
2496,安龙县,AnLongXian,262
2497,呈贡区,ChengGongQu,263
2498,盘龙区,PanLongQu,263
2499,五华区,WuHuaQu,263
2500,官渡区,GuanDuQu,263
2501,西山区,XiShanQu,263
2502,晋宁区,JinNingQu,263
2503,东川区,DongChuanQu,263
2504,安宁市,AnNingShi,263
2505,富民县,FuMinXian,263
2506,宜良县,YiLiangXian,263
2507,嵩明县,SongMingXian,263
2508,石林彝族自治县,ShiLinYiZuZiZhiXian,263
2509,禄劝彝族苗族自治县,LuQuanYiZuMiaoZuZiZhiXian,263
2510,寻甸回族彝族自治县,XunDianHuiZuYiZuZiZhiXian,263
2511,麒麟区,QiLinQu,264
2512,沾益区,ZhanYiQu,264
2513,马龙区,MaLongQu,264
2514,宣威市,XuanWeiShi,264
2515,富源县,FuYuanXian,264
2516,罗平县,LuoPingXian,264
2517,师宗县,ShiZongXian,264
2518,陆良县,LuLiangXian,264
2519,会泽县,HuiZeXian,264
2520,红塔区,HongTaQu,265
2521,江川区,JiangChuanQu,265
2522,澄江县,ChengJiangXian,265
2523,通海县,TongHaiXian,265
2524,华宁县,HuaNingXian,265
2525,易门县,YiMenXian,265
2526,峨山彝族自治县,EShanYiZuZiZhiXian,265
2527,新平彝族傣族自治县,XinPingYiZuDaiZuZiZhiXian,265
2528,元江哈尼族彝族傣族自治县,YuanJiangHaNiZuYiZuDaiZuZiZhiXian,265
2529,昭阳区,ZhaoYangQu,266
2530,水富市,ShuiFuShi,266
2531,鲁甸县,LuDianXian,266
2532,巧家县,QiaoJiaXian,266
2533,盐津县,YanJinXian,266
2534,大关县,DaGuanXian,266
2535,永善县,YongShanXian,266
2536,绥江县,SuiJiangXian,266
2537,镇雄县,ZhenXiongXian,266
2538,彝良县,YiLiangXian,266
2539,威信县,WeiXinXian,266
2540,隆阳区,LongYangQu,267
2541,腾冲市,TengChongShi,267
2542,施甸县,ShiDianXian,267
2543,龙陵县,LongLingXian,267
2544,昌宁县,ChangNingXian,267
2545,古城区,GuChengQu,268
2546,永胜县,YongShengXian,268
2547,华坪县,HuaPingXian,268
2548,玉龙纳西族自治县,YuLongNaXiZuZiZhiXian,268
2549,宁蒗彝族自治县,NingLangYiZuZiZhiXian,268
2550,思茅区,SiMaoQu,269
2551,宁洱哈尼族彝族自治县,NingErHaNiZuYiZuZiZhiXian,269
2552,墨江哈尼族自治县,MoJiangHaNiZuZiZhiXian,269
2553,景东彝族自治县,JingDongYiZuZiZhiXian,269
2554,景谷傣族彝族自治县,JingGuDaiZuYiZuZiZhiXian,269
2555,镇沅彝族哈尼族拉祜族自治县,ZhenYuanYiZuHaNiZuLaHuZuZiZhiXian,269
2556,江城哈尼族彝族自治县,JiangChengHaNiZuYiZuZiZhiXian,269
2557,孟连傣族拉祜族佤族自治县,MengLianDaiZuLaHuZuWaZuZiZhiXian,269
2558,澜沧拉祜族自治县,LanCangLaHuZuZiZhiXian,269
2559,西盟佤族自治县,XiMengWaZuZiZhiXian,269
2560,临翔区,LinXiangQu,270
2561,凤庆县,FengQingXian,270
2562,云县,YunXian,270
2563,永德县,YongDeXian,270
2564,镇康县,ZhenKangXian,270
2565,双江拉祜族佤族布朗族傣族自治县,ShuangJiangLaHuZuWaZuBuLangZuDaiZuZiZhiXian,270
2566,耿马傣族佤族自治县,GengMaDaiZuWaZuZiZhiXian,270
2567,沧源佤族自治县,CangYuanWaZuZiZhiXian,270
2568,芒市,MangShi,271
2569,瑞丽市,RuiLiShi,271
2570,梁河县,LiangHeXian,271
2571,盈江县,YingJiangXian,271
2572,陇川县,LongChuanXian,271
2573,泸水市,LuShuiShi,272
2574,福贡县,FuGongXian,272
2575,贡山独龙族怒族自治县,GongShanDuLongZuNuZuZiZhiXian,272
2576,兰坪白族普米族自治县,LanPingBaiZuPuMiZuZiZhiXian,272
2577,香格里拉市,XiangGeLiLaShi,273
2578,德钦县,DeQinXian,273
2579,维西傈僳族自治县,WeiXiLiSuZuZiZhiXian,273
2580,大理市,DaLiShi,274
2581,祥云县,XiangYunXian,274
2582,宾川县,BinChuanXian,274
2583,弥渡县,MiDuXian,274
2584,永平县,YongPingXian,274
2585,云龙县,YunLongXian,274
2586,洱源县,ErYuanXian,274
2587,剑川县,JianChuanXian,274
2588,鹤庆县,HeQingXian,274
2589,漾濞彝族自治县,YangBiYiZuZiZhiXian,274
2590,南涧彝族自治县,NaJianYiZuZiZhiXian,274
2591,巍山彝族回族自治县,WeiShanYiZuHuiZuZiZhiXian,274
2592,楚雄市,ChuXiongShi,275
2593,双柏县,ShuangBaiXian,275
2594,牟定县,MouDingXian,275
2595,南华县,NaHuaXian,275
2596,姚安县,YaoAnXian,275
2597,大姚县,DaYaoXian,275
2598,永仁县,YongRenXian,275
2599,元谋县,YuanMouXian,275
2600,武定县,WuDingXian,275
2601,禄丰县,LuFengXian,275
2602,蒙自市,MengZiShi,276
2603,个旧市,GeJiuShi,276
2604,开远市,KaiYuanShi,276
2605,弥勒市,MiLeShi,276
2606,建水县,JianShuiXian,276
2607,石屏县,ShiPingXian,276
2608,泸西县,LuXiXian,276
2609,绿春县,LuChunXian,276
2610,元阳县,YuanYangXian,276
2611,红河县,HongHeXian,276
2612,金平苗族瑶族傣族自治县,JinPingMiaoZuYaoZuDaiZuZiZhiXian,276
2613,河口瑶族自治县,HeKouYaoZuZiZhiXian,276
2614,屏边苗族自治县,PingBianMiaoZuZiZhiXian,276
2615,文山市,WenShanShi,277
2616,砚山县,YanShanXian,277
2617,西畴县,XiChouXian,277
2618,麻栗坡县,MaLiPoXian,277
2619,马关县,MaGuanXian,277
2620,丘北县,QiuBeiXian,277
2621,广南县,GuangNaXian,277
2622,富宁县,FuNingXian,277
2623,景洪市,JingHongShi,278
2624,勐海县,MengHaiXian,278
2625,勐腊县,MengLaXian,278
2626,新城区,XinChengQu,279
2627,碑林区,BeiLinQu,279
2628,莲湖区,LianHuQu,279
2629,雁塔区,YanTaQu,279
2630,灞桥区,BaQiaoQu,279
2631,未央区,WeiYangQu,279
2632,阎良区,YanLiangQu,279
2633,临潼区,LinTongQu,279
2634,长安区,ChangAnQu,279
2635,高陵区,GaoLingQu,279
2636,鄠邑区,HuYiQu,279
2637,蓝田县,LaTianXian,279
2638,周至县,ZhouZhiXian,279
2639,渭滨区,WeiBinQu,280
2640,金台区,JinTaiQu,280
2641,陈仓区,ChenCangQu,280
2642,凤翔县,FengXiangXian,280
2643,岐山县,QiShanXian,280
2644,扶风县,FuFengXian,280
2645,眉县,MeiXian,280
2646,陇县,LongXian,280
2647,千阳县,QianYangXian,280
2648,麟游县,LinYouXian,280
2649,凤县,FengXian,280
2650,太白县,TaiBaiXian,280
2651,秦都区,QinDuQu,281
2652,杨陵区,YangLingQu,281
2653,渭城区,WeiChengQu,281
2654,三原县,SanYuanXian,281
2655,泾阳县,JingYangXian,281
2656,乾县,QianXian,281
2657,礼泉县,LiQuanXian,281
2658,永寿县,YongShouXian,281
2659,长武县,ChangWuXian,281
2660,旬邑县,XunYiXian,281
2661,淳化县,ChunHuaXian,281
2662,武功县,WuGongXian,281
2663,兴平市,XingPingShi,281
2664,彬州市,BinZhouShi,281
2665,王益区,WangYiQu,282
2666,印台区,YinTaiQu,282
2667,耀州区,YaoZhouQu,282
2668,宜君县,YiJunXian,282
2669,临渭区,LinWeiQu,283
2670,华州区,HuaZhouQu,283
2671,潼关县,TongGuanXian,283
2672,大荔县,DaLiXian,283
2673,合阳县,HeYangXian,283
2674,澄城县,ChengChengXian,283
2675,蒲城县,PuChengXian,283
2676,白水县,BaiShuiXian,283
2677,富平县,FuPingXian,283
2678,韩城市,HanChengShi,283
2679,华阴市,HuaYinShi,283
2680,宝塔区,BaoTaQu,284
2681,安塞区,AnSaiQu,284
2682,延长县,YanChangXian,284
2683,延川县,YanChuanXian,284
2684,子长县,ZiChangXian,284
2685,志丹县,ZhiDanXian,284
2686,吴起县,WuQiXian,284
2687,甘泉县,GanQuanXian,284
2688,富县,FuXian,284
2689,洛川县,LuoChuanXian,284
2690,宜川县,YiChuanXian,284
2691,黄龙县,HuangLongXian,284
2692,黄陵县,HuangLingXian,284
2693,榆阳区,YuYangQu,285
2694,横山区,HengShanQu,285
2695,神木市,ShenMuShi,285
2696,府谷县,FuGuXian,285
2697,靖边县,JingBianXian,285
2698,定边县,DingBianXian,285
2699,绥德县,SuiDeXian,285
2700,米脂县,MiZhiXian,285
2701,佳县,JiaXian,285
2702,吴堡县,WuBaoXian,285
2703,清涧县,QingJianXian,285
2704,子洲县,ZiZhouXian,285
2705,汉台区,HanTaiQu,286
2706,南郑区,NaZhengQu,286
2707,城固县,ChengGuXian,286
2708,洋县,YangXian,286
2709,西乡县,XiXiangXian,286
2710,勉县,MianXian,286
2711,宁强县,NingQiangXian,286
2712,略阳县,LueYangXian,286
2713,镇巴县,ZhenBaXian,286
2714,留坝县,LiuBaXian,286
2715,佛坪县,FuPingXian,286
2716,汉滨区,HanBinQu,287
2717,汉阴县,HanYinXian,287
2718,石泉县,ShiQuanXian,287
2719,宁陕县,NingShanXian,287
2720,紫阳县,ZiYangXian,287
2721,岚皋县,LanGaoXian,287
2722,平利县,PingLiXian,287
2723,镇坪县,ZhenPingXian,287
2724,旬阳县,XunYangXian,287
2725,白河县,BaiHeXian,287
2726,商州区,ShangZhouQu,288
2727,洛南县,LuoNaXian,288
2728,丹凤县,DanFengXian,288
2729,商南县,ShangNaXian,288
2730,山阳县,ShanYangXian,288
2731,镇安县,ZhenAnXian,288
2732,柞水县,ZuoShuiXian,288
2733,城关区,ChengGuanQu,289
2734,西固区,XiGuQu,289
2735,七里河区,QiLiHeQu,289
2736,安宁区,AnNingQu,289
2737,榆中县,YuZhongXian,289
2738,红古区,HongGuQu,289
2739,永登县,YongDengXian,289
2740,皋兰县,GaoLanXian,289
2741,长城区,Changchengqu,290
2742,镜铁区,Jingtiequ,290
2743,文殊镇,Wshuzhen,290
2744,新城镇,Xinchengzhen,290
2745,雄关区,Xiongguanqu,290
2746,峪泉镇,Yuquanzhen,290
2747,金川区,JinChuanQu,291
2748,永昌县,YongChangXian,291
2749,白银区,BaiYinQu,292
2750,平川区,PingChuanQu,292
2751,会宁县,HuiNingXian,292
2752,靖远县,JingYuanXian,292
2753,景泰县,JingTaiXian,292
2754,秦州区,QinZhouQu,293
2755,麦积区,MaiJiQu,293
2756,甘谷县,GanGuXian,293
2757,武山县,WuShanXian,293
2758,秦安县,QinAnXian,293
2759,清水县,QingShuiXian,293
2760,张家川回族自治县,ZhangJiaChuanHuiZuZiZhiXian,293
2761,凉州区,LiangZhouQu,294
2762,民勤县,MinQinXian,294
2763,古浪县,GuLangXian,294
2764,天祝藏族自治县,TianZhuCangZuZiZhiXian,294
2765,甘州区,GanZhouQu,295
2766,山丹县,ShanDanXian,295
2767,民乐县,MinLeXian,295
2768,临泽县,LinZeXian,295
2769,高台县,GaoTaiXian,295
2770,肃南裕固族自治县,SuNaYuGuZuZiZhiXian,295
2771,崆峒区,KongDongQu,296
2772,泾川县,JingChuanXian,296
2773,灵台县,LingTaiXian,296
2774,崇信县,ChongXinXian,296
2775,华亭市,HuaTingShi,296
2776,庄浪县,ZhuangLangXian,296
2777,静宁县,JingNingXian,296
2778,肃州区,SuZhouQu,297
2779,玉门市,YuMenShi,297
2780,敦煌市,DunHuangShi,297
2781,金塔县,JinTaXian,297
2782,瓜州县,GuaZhouXian,297
2783,肃北县,SuBeiXian,297
2784,阿克塞哈萨克族自治县,AKeSaiHaSaKeZuZiZhiXian,297
2785,西峰区,XiFengQu,298
2786,庆城,QingCheng,298
2787,华池,HuaChi,298
2788,宁县,NingXian,298
2789,镇原,ZhenYuan,298
2790,合水,HeShui,298
2791,正宁,ZhengNing,298
2792,环县,HuanXian,298
2793,安定区,AnDingQu,299
2794,通渭县,TongWeiXian,299
2795,陇西县,LongXiXian,299
2796,渭源县,WeiYuanXian,299
2797,临洮县,LinTaoXian,299
2798,漳县,ZhangXian,299
2799,岷县,MinXian,299
2800,武都区,WuDuQu,300
2801,成县,ChengXian,300
2802,文县,WenXian,300
2803,宕昌县,DangChangXian,300
2804,康县,KangXian,300
2805,西和县,XiHeXian,300
2806,礼县,LiXian,300
2807,徽县,HuiXian,300
2808,两当县,LiangDangXian,300
2809,临夏市,LinXiaShi,301
2810,临夏县,LinXiaXian,301
2811,永靖县,YongJingXian,301
2812,广河县,GuangHeXian,301
2813,和政县,HeZhengXian,301
2814,康乐县,KangLeXian,301
2815,东乡族自治县,DongXiangZuZiZhiXian,301
2816,积石山保安族东乡族撒拉族自治县,JiShiShanBaoAnZuDongXiangZuSaLaZuZiZhiXian,301
2817,合作市,HeZuoShi,302
2818,夏河,XiaHe,302
2819,碌曲,LuQu,302
2820,玛曲,MaQu,302
2821,迭部,DieBu,302
2822,舟曲,ZhouQu,302
2823,临潭,LinTan,302
2824,卓尼县,ZhuoNiXian,302
2825,小店区,XiaoDianQu,303
2826,迎泽区,YingZeQu,303
2827,杏花岭区,XingHuaLingQu,303
2828,尖草坪区,JianCaoPingQu,303
2829,万柏林区,WanBaiLinQu,303
2830,晋源区,JinYuanQu,303
2831,清徐县,QingXuXian,303
2832,阳曲县,YangQuXian,303
2833,娄烦县,LouFanXian,303
2834,古交市,GuJiaoShi,303
2835,新荣区,XinRongQu,304
2836,平城区,PingChengQu,304
2837,云冈区,YunGangQu,304
2838,云州区,YunZhouQu,304
2839,阳高县,YangGaoXian,304
2840,天镇县,TianZhenXian,304
2841,广灵县,GuangLingXian,304
2842,灵丘县,LingQiuXian,304
2843,浑源县,HunYuanXian,304
2844,左云县,ZuoYunXian,304
2845,朔城区,ShuoChengQu,305
2846,平鲁区,PingLuQu,305
2847,山阴县,ShanYinXian,305
2848,应县,YingXian,305
2849,右玉县,YouYuXian,305
2850,怀仁市,HuaiRenShi,305
2851,忻府区,XinFuQu,306
2852,定襄县,DingXiangXian,306
2853,五台县,WuTaiXian,306
2854,代县,DaiXian,306
2855,繁峙县,FanZhiXian,306
2856,宁武县,NingWuXian,306
2857,静乐县,JingLeXian,306
2858,神池县,ShenChiXian,306
2859,五寨县,WuZhaiXian,306
2860,岢岚县,KeLanXian,306
2861,河曲县,HeQuXian,306
2862,保德县,BaoDeXian,306
2863,偏关县,PianGuanXian,306
2864,原平市,YuanPingShi,306
2865,城区,ChengQu,307
2866,矿区,KuangQu,307
2867,郊区,JiaoQu,307
2868,平定县,PingDingXian,307
2869,盂县,YuXian,307
2870,离石区,LiShiQu,308
2871,文水县,WenShuiXian,308
2872,交城县,JiaoChengXian,308
2873,兴县,XingXian,308
2874,临县,LinXian,308
2875,柳林县,LiuLinXian,308
2876,石楼县,ShiLouXian,308
2877,岚县,LanXian,308
2878,方山县,FangShanXian,308
2879,中阳县,ZhongYangXian,308
2880,交口县,JiaoKouXian,308
2881,孝义市,XiaoYiShi,308
2882,汾阳市,FenYangShi,308
2883,榆次区,YuCiQu,309
2884,榆社县,YuSheXian,309
2885,左权县,ZuoQuanXian,309
2886,和顺县,HeShunXian,309
2887,昔阳县,XiYangXian,309
2888,寿阳县,ShouYangXian,309
2889,太谷县,TaiGuXian,309
2890,祁县,QiXian,309
2891,平遥县,PingYaoXian,309
2892,灵石县,LingShiXian,309
2893,介休市,JieXiuShi,309
2894,潞州区,LuZhouQu,310
2895,上党区,ShangDangQu,310
2896,屯留区,TunLiuQu,310
2897,潞城区,LuChengQu,310
2898,襄垣县,XiangYuanXian,310
2899,平顺县,PingShunXian,310
2900,黎城县,LiChengXian,310
2901,壶关县,HuGuanXian,310
2902,长子县,ChangZiXian,310
2903,武乡县,WuXiangXian,310
2904,沁县,QinXian,310
2905,沁源县,QinYuanXian,310
2906,城区,ChengQu,311
2907,沁水县,QinShuiXian,311
2908,阳城县,YangChengXian,311
2909,陵川县,LingChuanXian,311
2910,泽州县,ZeZhouXian,311
2911,高平市,GaoPingShi,311
2912,尧都区,YaoDuQu,312
2913,曲沃县,QuWoXian,312
2914,翼城县,YiChengXian,312
2915,襄汾县,XiangFenXian,312
2916,洪洞县,HongDongXian,312
2917,古县,GuXian,312
2918,安泽县,AnZeXian,312
2919,浮山县,FuShanXian,312
2920,吉县,JiXian,312
2921,乡宁县,XiangNingXian,312
2922,大宁县,DaNingXian,312
2923,隰县,XiXian,312
2924,永和县,YongHeXian,312
2925,蒲县,PuXian,312
2926,汾西县,FenXiXian,312
2927,侯马市,HouMaShi,312
2928,霍州市,HuoZhouShi,312
2929,盐湖区,YanHuQu,313
2930,临猗县,LinYiXian,313
2931,万荣县,WanRongXian,313
2932,闻喜县,WenXiXian,313
2933,稷山县,JiShanXian,313
2934,新绛县,XinJiangXian,313
2935,绛县,JiangXian,313
2936,垣曲县,YuanQuXian,313
2937,夏县,XiaXian,313
2938,平陆县,PingLuXian,313
2939,芮城县,RuiChengXian,313
2940,永济市,YongJiShi,313
2941,河津市,HeJinShi,313
2942,城中区,ChengZhongQu,314
2943,城东区,ChengDongQu,314
2944,城西区,ChengXiQu,314
2945,城北区,ChengBeiQu,314
2946,大通回族土族自治县,DaTongHuiZuTuZuZiZhiXian,314
2947,湟中县,HuangZhongXian,314
2948,湟源县,HuangYuanXian,314
2949,乐都区,LeDuQu,315
2950,平安区,PingAnQu,315
2951,民和回族土族自治县,MinHeHuiZuTuZuZiZhiXian,315
2952,互助土族自治县,HuZhuTuZuZiZhiXian,315
2953,化隆回族自治县,HuaLongHuiZuZiZhiXian,315
2954,循化撒拉族自治县,XunHuaSaLaZuZiZhiXian,315
2955,海晏县（三角城镇）,HaiYanXian（SanJiaoChengZhen）,316
2956,祁连县,QiLianXian,316
2957,刚察县,GangChaXian,316
2958,门源回族自治县,MenYuanHuiZuZiZhiXian,316
2959,同仁县（隆务镇）,TongRenXian（LongWuZhen）,317
2960,尖扎县,JianZhaXian,317
2961,泽库县,ZeKuXian,317
2962,河南蒙古族自治县,HeNaMengGuZuZiZhiXian,317
2963,共和县（恰卜恰镇）,GongHeXian（QiaBuQiaZhen）,318
2964,同德县,TongDeXian,318
2965,贵德县,GuiDeXian,318
2966,兴海县,XingHaiXian,318
2967,贵南县,GuiNaXian,318
2968,玛沁县（大武镇）,MaQinXian（DaWuZhen）,319
2969,班玛县,BanMaXian,319
2970,甘德县,GanDeXian,319
2971,达日县,DaRiXian,319
2972,久治县,JiuZhiXian,319
2973,玛多县,MaDuoXian,319
2974,玉树市（结古镇）,YuShuShi（JieGuZhen）,320
2975,杂多县,ZaDuoXian,320
2976,称多县,ChenDuoXian,320
2977,治多县,ZhiDuoXian,320
2978,囊谦县,NangQianXian,320
2979,曲麻莱县,QuMaLaiXian,320
2980,德令哈市,DeLingHaShi,321
2981,格尔木市,GeErMuShi,321
2982,茫崖市,MangYaShi,321
2983,天峻县,TianJunXian,321
2984,都兰县,DuLanXian,321
2985,乌兰县,WuLanXian,321
2986,兴庆区,XingQingQu,322
2987,金凤区,JinFengQu,322
2988,西夏区,XiXiaQu,322
2989,灵武市,LingWuShi,322
2990,永宁县,YongNingXian,322
2991,贺兰县,HeLanXian,322
2992,大武口区,DaWuKouQu,323
2993,惠农区,HuiNongQu,323
2994,平罗县,PingLuoXian,323
2995,利通区,LiTongQu,324
2996,红寺堡区,HongSiBaoQu,324
2997,青铜峡市,QingTongXiaShi,324
2998,同心县,TongXinXian,324
2999,盐池县,YanChiXian,324
3000,原州区,YuanZhouQu,325
3001,西吉县,XiJiXian,325
3002,隆德县,LongDeXian,325
3003,泾源县,JingYuanXian,325
3004,彭阳县,PengYangXian,325
3005,沙坡头区,ShaPoTouQu,326
3006,中宁县,ZhongNingXian,326
3007,海原县,HaiYuanXian,326
3008,城关区,ChengGuanQu,327
3009,堆龙德庆区,DuiLongDeQingQu,327
3010,达孜区,DaZiQu,327
3011,林周县,LinZhouXian,327
3012,尼木县,NiMuXian,327
3013,当雄县,DangXiongXian,327
3014,曲水县,QuShuiXian,327
3015,墨竹工卡县,MoZhuGongKaXian,327
3016,桑珠孜区,SangZhuZiQu,328
3017,南木林县,NaMuLinXian,328
3018,江孜县,JiangZiXian,328
3019,定日县,DingRiXian,328
3020,萨迦县,SaJiaXian,328
3021,拉孜县,LaZiXian,328
3022,昂仁县,AngRenXian,328
3023,谢通门县,XieTongMenXian,328
3024,白朗县,BaiLangXian,328
3025,仁布县,RenBuXian,328
3026,康马县,KangMaXian,328
3027,定结县,DingJieXian,328
3028,仲巴县,ZhongBaXian,328
3029,亚东县,YaDongXian,328
3030,吉隆县,JiLongXian,328
3031,聂拉木县,NieLaMuXian,328
3032,萨嘎县,SaGaXian,328
3033,岗巴县,GangBaXian,328
3034,卡若区,KaRuoQu,329
3035,察雅县,ChaYaXian,329
3036,左贡县,ZuoGongXian,329
3037,芒康县,MangKangXian,329
3038,洛隆县,LuoLongXian,329
3039,边坝县,BianBaXian,329
3040,江达县,JiangDaXian,329
3041,贡觉县,GongJueXian,329
3042,丁青县,DingQingXian,329
3043,八宿县,BaSuXian,329
3044,类乌齐县,LeiWuQiXian,329
3045,巴宜区,BaYiQu,330
3046,米林县,MiLinXian,330
3047,墨脱县,MoTuoXian,330
3048,察隅县,ChaYuXian,330
3049,波密县,BoMiXian,330
3050,朗县,LangXian,330
3051,工布江达县,GongBuJiangDaXian,330
3052,乃东区,NaiDongQu,331
3053,扎囊县,ZhaNangXian,331
3054,贡嘎县,GongGaXian,331
3055,桑日县,SangRiXian,331
3056,琼结县,QiongJieXian,331
3057,洛扎县,LuoZhaXian,331
3058,加查县,JiaChaXian,331
3059,隆子县,LongZiXian,331
3060,曲松县,QuSongXian,331
3061,措美县,CuoMeiXian,331
3062,错那县,CuoNaXian,331
3063,浪卡子县,LangKaZiXian,331
3064,色尼区,SeNiQu,332
3065,申扎县,ShenZhaXian,332
3066,班戈县,BanGeXian,332
3067,聂荣县,NieRongXian,332
3068,安多县,AnDuoXian,332
3069,嘉黎县,JiaLiXian,332
3070,巴青县,BaQingXian,332
3071,比如县,BiRuXian,332
3072,索县,SuoXian,332
3073,尼玛县,NiMaXian,332
3074,双湖县,ShuangHuXian,332
3075,噶尔县,GaErXian,333
3076,普兰县,PuLanXian,333
3077,札达县,ZhaDaXian,333
3078,日土县,RiTuXian,333
3079,革吉县,GeJiXian,333
3080,改则县,GaiZeXian,333
3081,措勤县,CuoQinXian,333
3082,水磨沟区,ShuiMoGouQu,334
3083,天山区,TianShanQu,334
3084,沙依巴克区,ShaYiBaKeQu,334
3085,新市区,XinShiQu,334
3086,头屯河区,TouTunHeQu,334
3087,达坂城区,DaBanChengQu,334
3088,米东区,MiDongQu,334
3089,乌鲁木齐县,WuLuMuQiXian,334
3090,克拉玛依区,KeLaMaYiQu,335
3091,独山子区,DuShanZiQu,335
3092,白碱滩区,BaiJianTanQu,335
3093,乌尔禾区,WuErHeQu,335
3094,高昌区,GaoChangQu,336
3095,鄯善县,ShanShanXian,336
3096,托克逊县,TuoKeXunXian,336
3097,伊州区,YiZhouQu,337
3098,伊吾县,YiWuXian,337
3099,巴里坤哈萨克自治县,BaLiKunHaSaKeZiZhiXian,337
3100,阿克苏市,AKeSuShi,338
3101,温宿县,WenSuXian,338
3102,库车县,KuCheXian,338
3103,沙雅县,ShaYaXian,338
3104,新和县,XinHeXian,338
3105,拜城县,BaiChengXian,338
3106,乌什县,WuShiXian,338
3107,阿瓦提县,AWaTiXian,338
3108,柯坪县,KePingXian,338
3109,喀什市,KaShiShi,339
3110,疏附县,ShuFuXian,339
3111,疏勒县,ShuLeXian,339
3112,英吉沙县,YingJiShaXian,339
3113,泽普县,ZePuXian,339
3114,莎车县,ShaCheXian,339
3115,叶城县,YeChengXian,339
3116,麦盖提县,MaiGaiTiXian,339
3117,岳普湖县,YuePuHuXian,339
3118,伽师县,JiaShiXian,339
3119,巴楚县,BaChuXian,339
3120,塔什库尔干塔吉克自治县,TaShiKuErGanTaJiKeZiZhiXian,339
3121,和田市,HeTianShi,340
3122,和田县,HeTianXian,340
3123,墨玉县,MoYuXian,340
3124,皮山县,PiShanXian,340
3125,洛浦县,LuoPuXian,340
3126,策勒县,CeLeXian,340
3127,于田县,YuTianXian,340
3128,民丰县,MinFengXian,340
3129,昌吉市,ChangJiShi,341
3130,阜康市,FuKangShi,341
3131,呼图壁县,HuTuBiXian,341
3132,玛纳斯县,MaNaSiXian,341
3133,奇台县,QiTaiXian,341
3134,吉木萨尔县,JiMuSaErXian,341
3135,木垒哈萨克自治县,MuLeiHaSaKeZiZhiXian,341
3136,博乐市,BoLeShi,342
3137,阿拉山口市,ALaShanKouShi,342
3138,精河县,JingHeXian,342
3139,温泉县,WenQuanXian,342
3140,库尔勒市,KuErLeShi,343
3141,焉耆回族自治县,YanQiHuiZuZiZhiXian,343
3142,轮台县,LunTaiXian,343
3143,尉犁县,WeiLiXian,343
3144,若羌县,RuoQiangXian,343
3145,且末县,QieMoXian,343
3146,和静县,HeJingXian,343
3147,和硕县,HeShuoXian,343
3148,博湖县,BoHuXian,343
3149,阿图什市,ATuShiShi,344
3150,阿克陶县,AKeTaoXian,344
3151,阿合奇县,AHeQiXian,344
3152,乌恰县,WuQiaXian,344
3153,伊宁市,YiNingShi,345
3154,奎屯市,KuiTunShi,345
3155,霍尔果斯市,HuoErGuoSiShi,345
3156,尼勒克县,NiLeKeXian,345
3157,伊宁县,YiNingXian,345
3158,霍城县,HuoChengXian,345
3159,巩留县,GongLiuXian,345
3160,新源县,XinYuanXian,345
3161,昭苏县,ZhaoSuXian,345
3162,特克斯县,TeKeSiXian,345
3163,察布查尔锡伯自治县,ChaBuChaErXiBoZiZhiXian,345
3164,塔城市,TaChengShi,346
3165,乌苏市,WuSuShi,346
3166,额敏县,EMinXian,346
3167,沙湾县,ShaWanXian,346
3168,托里县,TuoLiXian,346
3169,裕民县,YuMinXian,346
3170,和布克赛尔蒙古自治县,HeBuKeSaiErMengGuZiZhiXian,346
3171,阿勒泰市,ALeTaiShi,347
3172,布尔津县,BuErJinXian,347
3173,富蕴县,FuYunXian,347
3174,福海县,FuHaiXian,347
3175,哈巴河县,HaBaHeXian,347
3176,青河县,QingHeXian,347
3177,吉木乃县,JiMuNaiXian,347
3178,北泉镇,Beiquanzhen,348
3179,兵团一五二团,Bingtuanyiwuertuan,348
3180,东城街道,Dongchengjiedao,348
3181,红山街道,Hongshanjiedao,348
3182,老街街道,Laojiejiedao,348
3183,石河子乡,Shihezixiang,348
3184,向阳街道,Xiangyangjiedao,348
3185,新城街道,Xinchengjiedao,348
3186,阿拉尔农场,Alaernongchang,349
3187,兵团八团,Bingtuanbatuan,349
3188,兵团第一师水利水电工程处,Bingtuandiyishishuilishuidiangongchengchu,349
3189,兵团第一师塔里木灌区水利管理处,Bingtuandiyshitalimuguanqushuiliguanlichu,349
3190,兵团第一师幸福农场,Bingtuandiyishixingfunongchang,349
3191,兵团七团,Bingtuanqituan,349
3192,兵团十二团,Bingtuanshiertuan,349
3193,兵团十六团,Bingtuanshiliutuan,349
3194,兵团十三团,Bingtuanshisantuan,349
3195,兵团十四团,Bingtuanshisituan,349
3196,兵团十团,Bingtuanshituan,349
3197,兵团十一团,Bingtuanshiyituan,349
3198,工业园区,Gongyeyuanqu,349
3199,金银川路街道,Jinyinchuanlujiedao,349
3200,南口街道,Nankoujiedao,349
3201,青松路街道,Qingsonglujiedao,349
3202,托喀依乡,Tuokayixiang,349
3203,幸福路街道,Xingfulujiedao,349
3204,中心监狱,Zhongxinjianyu,349
3205,兵团四十九团,Bingtuansishjiutuan,350
3206,兵团四十四团,Bingtuansishisituan,350
3207,兵团图木舒克市喀拉拜勒镇,Bingtuantumushukeshikalbailezhen,350
3208,兵团图木舒克市永安坝,Bingtuantumushukeshiyonganba,350
3209,兵团五十三团,Bingtuanwushisantuan,350
3210,兵团五十团,Bingtuanwushituan,350
3211,兵团五十一团,Bingtuanwushiyituan,350
3212,齐干却勒街道,Qiganquelejiedao,350
3213,前海街道,Qianhaijiedao,350
3214,永安坝街道,Yonganbajiedao,350
3215,兵团一零二团,Bingtuanyilingertuan,351
3216,兵团一零三团,Bingtuanyilingsantuan,351
3217,兵团一零一团,Bingtuanyilingyituan,351
3218,军垦路街道,Junkenlujiedao,351
3219,青湖路街道,Qinghulujiedao,351
3220,人民路街道,Renminlujiedao,351
3221,北屯镇,Beitunzhen,352
3222,兵团一八八团,Bingtuanyibabatuan,352
3223,兵团一八七团,Bingtuanyibaqituan,352
3224,兵团一八三团,Bingtuanyibasantuan,352
3225,兵团二十九团,Bingtuanershijiutuan,353
3226,农二师三十团,Nongershisanshituan,353
3227,兵团八十九团,Bingtuanbashijiutuan,354
3228,兵团八十六团,Bingtuanbashiliutuan,354
3229,兵团八十四团,Bingtuanbashisituan,354
3230,兵团八十一团,Bingtuanbashiyituan,354
3231,兵团九十团,Bingtuanjiushituan,354
3232,可克达拉市,Kekedalashi,355
3233,兵团二二四团,Bingtuanerersituan,356
3234,兵团皮山农场,Bingtuanpishannongchang,356
3235,兵团四十七团,Bingtuansishiqituan,356
3236,兵团一牧场,Bingtuanyimuchang,356
3237,博斯坦乡,Bositanxaing,356
3238,克拉喀什镇,Kelakashizhen,356
3239,阔依其乡,Kuoyiqixiang,356
3240,奴尔乡,Nuerxiang,356
3241,普恰克其乡,Puqiakeqixiang,356
3242,乌尔其乡,Wuerqixiang,356
3243,乌鲁克萨依乡,Wulukesayixiang,356
3244,回民区,HuiMinQu,357
3245,新城区,XinChengQu,357
3246,玉泉区,YuQuanQu,357
3247,赛罕区,SaiHanQu,357
3248,土默特左旗,TuMoTeZuoQi,357
3249,托克托县,TuoKeTuoXian,357
3250,和林格尔县,HeLinGeErXian,357
3251,武川县,WuChuanXian,357
3252,清水河县,QingShuiHeXian,357
3253,昆都仑区,KunDuLunQu,358
3254,滨河区,Binhequ,358
3255,东河区,DongHeQu,358
3256,青山区,QingShanQu,358
3257,石拐区,ShiGuaiQu,358
3258,九原区,JiuYuanQu,358
3259,白云鄂博矿区,BaiYunEBoKuangQu,358
3260,土默特右旗,TuMoTeYouQi,358
3261,固阳县,GuYangXian,358
3262,达尔罕茂明安联合旗,DaErHanMaoMingAnLianHeQi,358
3263,海勃湾区,HaiBoWanQu,359
3264,海南区,HaiNaQu,359
3265,乌达区,WuDaQu,359
3266,红山区,HongShanQu,360
3267,元宝山区,YuanBaoShanQu,360
3268,松山区,SongShanQu,360
3269,阿鲁科尔沁旗,ALuKeErQinQi,360
3270,巴林左旗,BaLinZuoQi,360
3271,巴林右旗,BaLinYouQi,360
3272,林西县,LinXiXian,360
3273,克什克腾旗,KeShiKeTengQi,360
3274,翁牛特旗,WengNiuTeQi,360
3275,喀喇沁旗,KaLaQinQi,360
3276,宁城县,NingChengXian,360
3277,敖汉旗,AoHanQi,360
3278,科尔沁区,KeErQinQu,361
3279,霍林郭勒市,HuoLinGuoLeShi,361
3280,科尔沁左翼中旗,KeErQinZuoYiZhongQi,361
3281,科尔沁左翼后旗,KeErQinZuoYiHouQi,361
3282,开鲁县,KaiLuXian,361
3283,库伦旗,KuLunQi,361
3284,奈曼旗,NaiManQi,361
3285,扎鲁特旗,ZhaLuTeQi,361
3286,康巴什区,KangBaShiQu,362
3287,东胜区,DongShengQu,362
3288,准格尔旗,ZhunGeErQi,362
3289,达拉特旗,DaLaTeQi,362
3290,鄂托克前旗,ETuoKeQianQi,362
3291,鄂托克旗,ETuoKeQi,362
3292,杭锦旗,HangJinQi,362
3293,乌审旗,WuShenQi,362
3294,伊金霍洛旗,YiJinHuoLuoQi,362
3295,海拉尔区,HaiLaErQu,363
3296,满洲里市,ManZhouLiShi,363
3297,扎赉诺尔区,ZhaLaiNuoErQu,363
3298,牙克石市,YaKeShiShi,363
3299,扎兰屯市,ZhaLanTunShi,363
3300,额尔古纳市,EErGuNaShi,363
3301,根河市,GenHeShi,363
3302,阿荣旗,ARongQi,363
3303,鄂伦春自治旗,ELunChunZiZhiQi,363
3304,莫力达瓦达斡尔族自治旗,MoLiDaWaDaWoErZuZiZhiQi,363
3305,鄂温克族自治旗,EWenKeZuZiZhiQi,363
3306,陈巴尔虎旗,ChenBaErHuQi,363
3307,新巴尔虎左旗,XinBaErHuZuoQi,363
3308,新巴尔虎右旗,XinBaErHuYouQi,363
3309,临河区,LinHeQu,364
3310,五原县,WuYuanXian,364
3311,磴口县,DengKouXian,364
3312,乌拉特前旗,WuLaTeQianQi,364
3313,乌拉特中旗,WuLaTeZhongQi,364
3314,乌拉特后旗,WuLaTeHouQi,364
3315,杭锦后旗,HangJinHouQi,364
3316,集宁区,JiNingQu,365
3317,丰镇市,FengZhenShi,365
3318,卓资县,ZhuoZiXian,365
3319,化德县,HuaDeXian,365
3320,商都县,ShangDuXian,365
3321,兴和县,XingHeXian,365
3322,凉城县,LiangChengXian,365
3323,察哈尔右翼前旗,ChaHaErYouYiQianQi,365
3324,察哈尔右翼中旗,ChaHaErYouYiZhongQi,365
3325,察哈尔右翼后旗,ChaHaErYouYiHouQi,365
3326,四子王旗,SiZiWangQi,365
3327,乌兰浩特市,WuLanHaoTeShi,366
3328,阿尔山市,AErShanShi,366
3329,科尔沁右翼前旗,KeErQinYouYiQianQi,366
3330,科尔沁右翼中旗,KeErQinYouYiZhongQi,366
3331,扎赉特旗,ZhaLaiTeQi,366
3332,突泉县,TuQuanXian,366
3333,锡林浩特市,XiLinHaoTeShi,367
3334,二连浩特市,ErLianHaoTeShi,367
3335,阿巴嘎旗,ABaGaQi,367
3336,苏尼特左旗,SuNiTeZuoQi,367
3337,苏尼特右旗,SuNiTeYouQi,367
3338,东乌珠穆沁旗,DongWuZhuMuQinQi,367
3339,西乌珠穆沁旗,XiWuZhuMuQinQi,367
3340,太仆寺旗,TaiPuSiQi,367
3341,镶黄旗,XiangHuangQi,367
3342,正镶白旗,ZhengXiangBaiQi,367
3343,正蓝旗,ZhengLaQi,367
3344,多伦县,DuoLunXian,367
3345,阿拉善左旗,ALaShanZuoQi,368
3346,阿拉善右旗,ALaShanYouQi,368
3347,额济纳旗,EJiNaQi,368
3348,台北市,TaiBeiShi,369
3349,新北市,XinBeiShi,369
3350,桃园市,TaoYuanShi,369
3351,台中市,TaiZhongShi,369
3352,台南市,TaiNaShi,369
3353,高雄市,GaoXiongShi,369
3354,基隆市,JiLongShi,369
3355,新竹市,XinZhuShi,369
3356,嘉义市,JiaYiShi,369
3357,新竹县,XinZhuXian,369
3358,苗栗县,MiaoLiXian,369
3359,彰化县,ZhangHuaXian,369
3360,南投县,NaTouXian,369
3361,云林县,YunLinXian,369
3362,嘉义县,JiaYiXian,369
3363,屏东县,PingDongXian,369
3364,宜兰县,YiLanXian,369
3365,花莲县,HuaLianXian,369
3366,台东县,TaiDongXian,369
3367,澎湖县,PengHuXian,369
3368,金门县,JinMenXian,369
3369,连江县,LianJiangXian,369